512 2047 -1
0 286
0 461
0 210
0 164
1 465
1 463
1 252
1 50
1 84
2 486
2 53
2 83
2 353
2 119
2 27
3 119
3 451
3 124
3 450
3 355
4 233
4 232
4 270
4 243
5 256
5 338
5 99
5 31
6 374
6 183
6 295
6 465
6 150
6 215
6 214
6 376
7 97
7 36
7 83
7 287
8 247
8 433
8 418
8 214
8 480
8 289
10 392
10 511
10 237
10 88
10 249
10 308
11 110
11 457
11 155
11 8
12 266
13 374
13 425
13 333
13 401
14 125
14 177
14 492
14 485
14 94
14 281
14 89
14 495
15 344
15 399
15 161
15 424
16 50
16 348
16 169
16 243
16 489
17 218
17 236
17 164
17 337
17 186
17 159
17 141
17 233
18 486
18 406
18 198
18 80
19 418
19 109
19 340
20 391
20 501
20 503
20 157
21 477
21 347
21 38
21 31
21 93
21 289
22 452
22 132
22 239
24 17
25 334
25 349
25 245
26 12
26 343
26 307
26 499
26 234
27 36
27 151
27 375
27 505
27 323
28 78
28 82
28 146
28 171
28 197
29 106
30 98
30 234
30 215
30 256
30 390
30 285
30 55
31 236
31 257
31 164
31 390
32 117
32 307
32 219
32 416
32 303
32 128
32 65
32 299
33 139
34 44
34 246
34 52
34 60
35 360
35 256
36 33
36 228
36 305
36 19
36 404
36 110
37 487
37 461
37 373
37 197
38 221
38 117
39 302
39 252
39 485
40 21
40 301
40 415
40 2
40 274
40 449
41 72
41 173
41 81
41 41
41 473
42 334
42 270
42 213
42 416
42 26
42 491
43 100
43 95
43 281
44 499
44 464
44 450
45 467
45 469
46 152
47 321
47 159
47 424
47 451
48 409
48 262
48 338
48 95
48 303
48 411
49 87
49 18
50 472
50 110
50 460
50 247
50 457
51 205
51 296
52 481
52 298
52 440
52 300
52 57
52 28
52 475
52 92
52 413
52 379
53 467
53 126
53 347
53 42
53 83
53 84
54 60
54 40
54 505
54 222
54 132
55 101
55 480
55 47
55 264
55 464
55 145
56 360
56 500
56 287
56 79
56 456
57 93
57 72
58 393
58 420
58 477
58 142
59 152
59 267
59 105
60 164
60 317
60 107
60 269
61 42
61 509
61 26
61 266
62 348
62 103
62 450
62 420
62 445
62 282
62 82
63 162
63 416
63 398
63 361
64 239
64 110
64 441
65 64
65 299
65 492
65 238
65 44
66 32
66 239
67 26
67 81
68 70
68 288
68 91
69 184
69 49
69 326
69 241
69 456
70 78
70 452
71 177
71 17
71 18
71 319
71 380
71 482
72 239
72 311
72 93
72 299
72 481
72 416
73 238
73 130
73 333
73 265
73 279
73 290
74 499
74 94
74 240
74 180
75 370
75 371
75 67
75 391
76 164
76 353
76 25
76 185
76 4
76 327
77 328
77 144
77 138
77 15
77 4
77 365
78 263
78 278
78 469
78 289
79 110
79 35
79 348
79 392
79 278
79 291
80 477
80 10
80 167
81 247
81 111
81 319
81 432
81 136
82 55
82 99
82 342
82 400
83 97
83 496
83 151
83 165
84 41
84 431
84 82
85 320
85 30
85 163
85 152
85 214
86 352
86 474
86 452
86 450
86 234
86 139
87 306
87 443
87 36
87 294
87 36
87 281
87 359
88 282
88 11
88 318
89 221
89 68
89 447
90 184
90 27
90 273
90 62
91 384
91 364
92 278
92 499
92 493
92 319
93 160
93 253
93 493
94 353
94 360
94 366
94 481
95 507
95 354
95 169
95 481
95 317
95 45
96 511
96 262
96 297
97 379
97 238
97 391
98 82
98 284
98 188
98 44
98 204
99 31
99 148
99 239
100 95
100 353
101 136
102 256
102 114
102 414
102 312
103 407
103 434
104 474
104 358
104 290
104 496
105 136
105 290
105 326
106 42
106 367
106 297
106 481
107 200
108 85
108 102
108 283
108 14
109 509
110 273
110 201
110 217
110 460
111 428
111 258
111 279
112 413
112 146
112 238
113 107
113 337
113 426
113 227
113 294
114 93
114 69
114 245
114 468
114 187
114 287
115 81
115 368
115 462
115 81
115 76
115 295
116 275
116 222
116 408
116 312
116 245
117 239
117 333
117 46
117 200
117 337
118 155
118 289
118 298
120 511
120 493
120 295
120 298
120 458
120 430
120 158
121 248
121 454
122 96
122 42
123 273
123 69
123 123
123 203
123 149
123 179
124 222
124 508
124 360
124 134
125 319
125 161
125 114
126 223
126 25
127 24
127 187
128 268
128 419
128 47
129 46
129 483
129 304
129 50
130 279
130 176
130 459
130 290
130 25
130 396
131 511
131 287
132 134
132 347
132 184
133 327
133 78
133 152
134 248
134 242
134 158
134 396
134 58
134 334
135 330
135 413
136 35
136 237
137 336
137 468
138 209
138 2
138 166
138 76
138 330
138 131
139 174
139 347
139 365
140 379
140 389
140 409
140 163
140 231
140 270
140 242
140 152
141 160
141 338
142 29
142 292
142 208
142 402
142 380
142 163
143 495
143 97
144 80
144 45
144 226
144 61
144 318
144 422
144 114
144 76
145 232
145 161
145 124
146 210
146 400
146 346
146 78
146 212
146 142
146 458
147 6
147 230
147 321
147 484
147 21
147 416
147 291
147 326
148 226
148 394
148 65
148 261
148 89
149 245
149 386
149 98
149 398
149 157
150 34
150 100
150 264
151 185
151 75
151 371
152 106
152 456
152 178
152 483
152 246
154 374
154 458
155 497
155 342
155 439
155 176
155 322
155 458
155 144
155 56
156 352
156 271
156 5
156 140
156 60
156 200
157 345
158 216
159 164
159 384
159 460
159 200
159 84
159 122
160 140
160 487
160 437
160 362
160 144
160 290
160 416
161 457
161 124
162 69
162 134
162 8
162 65
163 377
164 401
165 66
165 511
165 377
165 293
165 144
165 458
165 114
166 461
166 436
166 312
167 386
167 321
167 60
168 158
168 443
168 185
168 160
168 446
169 365
169 335
169 290
169 10
170 510
170 102
170 322
171 359
171 327
172 186
172 487
172 283
173 45
173 246
173 400
173 511
173 156
173 443
173 171
174 242
174 204
174 391
174 487
175 430
175 107
175 433
176 290
177 240
177 9
177 324
177 105
178 293
178 485
179 170
179 395
179 263
179 451
179 176
179 351
180 263
180 30
180 452
181 265
181 456
181 431
181 472
182 487
182 113
183 489
183 486
183 276
184 104
184 6
184 425
185 59
185 416
185 366
185 330
186 175
186 97
186 188
187 442
187 306
187 435
187 462
187 326
187 53
188 318
188 219
188 450
188 171
188 56
188 247
189 233
189 260
189 407
189 180
189 167
189 227
189 84
190 446
190 413
190 294
190 194
190 397
190 318
190 20
191 185
191 410
191 449
191 200
191 51
192 155
192 147
192 326
192 134
192 163
193 201
193 359
193 157
193 84
193 250
193 483
193 266
193 14
193 176
194 67
194 422
194 239
194 289
195 335
196 9
196 334
196 172
196 8
197 307
197 118
198 297
198 432
198 270
198 266
199 481
199 107
199 406
199 288
199 17
199 115
200 503
200 462
200 114
200 124
201 294
201 4
201 404
201 21
202 440
202 59
203 12
203 366
203 471
204 193
204 178
204 333
204 451
204 226
204 79
204 66
204 429
204 391
205 244
205 41
205 380
205 276
205 47
205 322
206 411
206 228
207 325
207 5
207 9
207 349
207 82
207 270
207 478
209 16
209 76
210 277
210 488
210 458
210 224
210 490
210 345
210 290
211 360
211 63
211 109
211 159
211 6
212 478
212 469
212 504
212 362
212 39
213 277
213 196
213 367
213 107
213 137
213 348
214 496
214 429
214 436
214 375
214 209
214 182
214 378
215 206
215 358
215 150
215 5
215 197
215 279
216 141
216 363
217 310
217 224
217 306
217 301
217 381
218 302
218 456
218 388
218 167
218 452
218 249
219 48
219 48
219 440
219 47
219 426
219 151
220 222
220 192
220 107
220 328
220 256
220 496
220 152
221 471
221 101
221 194
221 510
222 18
222 407
222 454
223 417
223 152
223 153
223 30
223 341
224 195
224 224
225 339
225 163
225 429
225 291
225 128
225 121
225 460
225 28
226 498
226 148
226 365
226 323
227 177
227 476
227 371
228 327
228 462
228 432
228 317
228 465
229 460
229 376
229 8
230 114
230 147
230 326
230 134
230 324
230 122
230 186
231 214
231 488
231 379
231 448
231 479
231 202
232 296
233 336
233 394
233 481
233 226
234 456
234 266
234 416
235 174
235 179
235 282
235 106
235 420
235 131
235 133
236 232
236 444
236 355
236 376
236 13
236 195
236 109
236 502
237 496
237 152
237 32
237 348
237 489
238 434
238 137
238 290
239 167
239 73
239 50
239 39
240 340
240 284
240 221
240 452
240 297
240 92
240 462
241 257
241 366
241 487
241 420
241 167
241 273
241 341
242 468
242 85
242 460
242 115
242 154
242 472
243 95
243 456
243 337
243 498
244 253
244 271
244 214
244 408
245 203
245 26
245 4
246 162
246 166
246 497
247 349
247 480
247 92
247 311
248 380
248 56
248 91
248 183
249 270
249 337
250 468
250 470
250 47
250 47
250 216
250 263
251 408
251 209
251 260
251 412
252 492
252 150
252 509
252 174
253 118
253 462
253 236
253 240
253 240
253 32
254 463
254 84
254 480
254 8
255 127
255 169
255 502
255 444
255 381
255 41
255 364
255 140
256 177
256 499
256 31
256 425
256 47
256 228
257 212
257 247
257 220
257 249
257 21
258 34
258 152
259 144
259 497
259 387
259 129
260 345
260 368
260 418
260 203
261 436
261 290
261 466
262 395
262 349
262 300
262 400
262 243
263 241
263 141
263 471
264 511
265 205
265 189
265 506
265 207
266 33
267 129
267 69
267 235
268 367
269 169
269 496
269 130
269 28
269 486
270 180
270 226
270 199
270 395
270 262
270 351
270 186
271 111
271 277
272 118
272 69
272 454
272 341
272 362
272 142
273 442
273 224
273 470
273 30
273 497
273 74
274 492
274 202
274 108
274 322
274 255
274 435
275 482
275 202
275 298
276 5
276 467
277 39
277 376
277 323
277 159
277 248
277 254
278 55
278 438
278 461
278 502
278 305
279 509
279 476
279 416
279 40
280 185
280 208
280 3
281 158
281 89
281 178
282 505
282 66
283 377
284 69
285 306
285 89
285 96
285 154
285 259
286 476
286 385
286 508
286 96
286 450
286 209
287 315
287 114
287 333
288 469
288 372
288 86
288 504
289 236
289 140
289 56
289 325
289 148
289 300
290 419
290 275
290 103
290 248
290 69
291 198
291 419
291 361
291 423
291 276
292 119
292 335
292 281
292 429
292 232
292 323
292 461
293 60
293 211
293 20
293 239
293 160
293 325
293 482
294 162
294 230
294 383
294 31
294 205
295 322
295 190
295 427
295 396
295 409
295 436
296 56
297 480
297 507
298 373
298 160
298 363
298 375
298 408
299 66
299 506
299 31
300 478
300 100
300 175
300 318
300 174
300 116
301 288
301 26
301 331
301 15
301 273
301 491
302 406
303 181
303 210
303 109
303 209
303 195
304 479
305 20
305 270
306 218
306 509
306 273
307 297
307 429
307 327
307 177
307 376
308 45
308 62
308 461
308 495
308 501
309 114
309 211
309 273
310 145
310 32
310 416
310 481
311 80
311 422
311 297
311 163
312 79
312 181
313 487
313 236
313 86
313 383
314 155
314 128
314 54
315 505
315 406
315 177
315 495
316 143
316 449
316 202
317 479
317 238
317 459
318 74
318 66
318 449
318 494
318 4
318 233
318 310
318 54
319 329
319 496
319 119
319 174
320 336
320 51
321 279
321 56
321 49
321 175
322 47
322 9
322 348
323 159
323 218
323 199
323 23
323 252
324 77
324 136
324 235
324 380
324 434
325 154
325 428
325 434
325 116
325 477
325 255
325 121
326 127
326 501
327 52
327 204
327 235
328 130
328 309
328 337
329 317
329 189
329 250
329 129
329 310
329 200
330 242
330 346
330 117
330 329
331 116
331 2
332 465
332 9
332 241
332 387
332 225
332 115
333 193
333 480
333 386
334 33
334 47
334 136
335 266
335 73
335 415
335 455
335 144
336 495
336 378
337 265
337 427
337 55
337 204
337 138
338 395
338 62
338 201
339 376
339 277
339 269
340 342
341 412
341 170
341 309
342 52
342 85
342 211
343 350
343 25
343 189
343 7
343 402
343 331
343 59
344 25
344 144
345 446
345 510
345 137
345 468
345 108
345 468
345 218
345 336
346 476
346 153
346 130
347 185
347 82
347 389
347 282
347 251
348 470
348 122
348 397
349 180
349 396
350 72
350 329
351 464
351 137
351 18
352 166
352 31
352 159
352 229
353 256
353 21
353 363
353 107
353 435
353 434
353 491
353 437
353 141
353 12
353 106
354 248
354 122
355 231
355 171
355 497
355 498
355 491
357 165
357 345
358 365
358 398
358 26
358 153
359 116
359 311
360 88
360 189
360 159
360 458
361 80
361 63
361 289
362 133
363 300
363 235
363 2
363 343
363 33
363 500
363 484
364 2
364 144
364 376
364 198
365 206
366 123
366 391
366 396
366 364
366 9
367 223
367 221
367 507
367 350
367 222
367 30
368 198
368 357
368 7
368 4
369 410
369 304
371 323
371 307
371 251
371 121
372 75
372 475
372 451
372 409
372 207
373 338
373 500
374 55
374 443
374 221
374 307
374 272
374 152
374 412
375 280
375 361
376 483
376 7
376 165
376 111
376 67
376 118
377 286
377 347
378 71
378 79
378 345
378 159
378 323
378 329
378 140
380 33
380 341
381 246
381 423
381 393
382 240
382 362
382 363
382 339
382 292
382 380
382 101
382 438
382 303
382 378
383 367
383 105
383 54
383 435
383 501
384 416
384 421
384 486
384 499
384 354
385 283
386 429
386 102
386 484
386 433
387 320
387 249
388 374
388 73
388 42
388 319
388 28
388 74
389 399
389 496
389 204
389 20
389 91
389 111
389 304
389 200
390 448
390 96
390 251
390 488
390 66
390 175
390 93
390 221
391 197
391 328
391 498
391 134
391 305
392 358
392 333
392 444
393 507
393 490
393 280
394 326
394 267
394 500
394 337
394 177
394 261
395 112
395 183
395 55
395 316
396 13
396 250
396 111
396 125
397 405
397 430
397 72
397 315
397 365
398 253
398 162
398 205
398 460
398 146
399 163
399 78
399 322
399 429
399 343
400 394
400 394
400 421
400 249
400 134
400 438
400 495
400 130
401 78
401 410
401 381
401 171
401 501
401 220
401 363
401 262
402 411
402 273
402 72
403 366
403 219
403 76
404 107
404 409
405 270
405 203
405 59
405 197
406 113
406 356
406 95
406 457
407 497
407 315
407 45
408 361
408 19
408 132
408 141
409 254
409 441
410 29
410 101
411 138
411 504
411 504
411 198
411 75
412 123
412 496
412 26
413 444
413 187
413 407
413 114
413 400
414 323
414 462
414 365
415 75
415 303
416 327
416 491
416 312
417 163
417 284
417 45
417 220
417 264
417 14
418 272
419 317
419 396
419 494
420 21
420 425
421 383
422 130
422 108
422 264
422 110
422 241
423 256
424 174
425 11
425 82
425 197
425 469
425 102
426 342
427 77
427 178
427 246
427 332
427 50
427 269
427 306
428 15
428 352
428 225
428 99
429 345
429 340
429 206
429 489
430 179
430 445
430 4
430 211
431 398
432 419
432 365
432 196
433 378
433 508
433 329
433 221
433 449
433 403
433 282
433 379
433 55
434 59
434 345
434 14
435 264
435 350
435 315
435 63
435 342
436 72
436 403
436 282
436 348
436 458
436 508
436 486
436 339
437 328
437 62
437 502
437 138
437 248
437 452
438 447
438 422
438 427
439 461
439 70
440 190
440 315
440 471
440 327
440 215
441 180
441 315
442 247
442 232
442 381
442 510
443 129
443 108
444 99
445 190
445 485
446 268
446 461
446 408
446 196
446 276
446 357
446 398
447 43
447 103
447 365
447 248
447 68
448 175
448 344
448 169
448 342
448 105
449 380
449 491
450 167
450 281
450 83
450 297
450 81
451 89
451 224
451 218
451 430
452 257
453 301
454 300
454 85
454 404
455 288
456 285
456 67
457 18
457 120
457 499
457 119
458 318
458 62
459 307
459 98
459 457
459 141
459 269
460 353
460 52
460 428
460 465
460 121
461 452
461 433
462 283
462 70
462 457
462 504
463 297
463 420
464 506
464 286
465 474
465 126
465 167
465 366
465 489
465 187
465 388
465 459
465 255
466 192
466 187
466 150
466 403
467 156
467 247
467 9
467 338
467 171
468 456
468 286
468 477
469 54
469 64
469 232
470 148
470 4
470 386
470 90
471 442
471 248
471 439
471 100
471 227
471 294
472 353
472 104
472 45
473 44
473 144
473 325
473 139
474 241
474 336
474 497
475 148
475 380
475 471
475 199
475 46
476 493
476 63
476 55
476 116
476 335
476 72
477 239
477 332
478 300
478 377
478 436
478 430
478 7
479 329
479 71
479 264
479 496
479 404
479 48
480 5
480 371
480 493
481 57
481 34
481 22
481 297
481 116
482 56
483 73
483 411
484 307
484 360
485 156
486 118
486 333
486 34
486 386
486 502
486 279
486 246
486 420
486 335
486 146
487 381
487 262
487 207
487 48
487 140
488 387
488 422
488 458
488 40
488 305
489 429
489 264
489 124
489 444
490 463
490 404
490 84
490 70
491 372
491 28
491 255
492 275
492 459
492 114
492 418
493 49
493 419
493 231
493 51
493 238
494 233
494 487
494 281
494 225
494 510
495 486
495 51
495 180
496 69
496 384
497 299
497 244
497 259
498 161
498 409
498 2
498 170
498 128
499 241
499 311
499 237
500 69
500 351
500 6
501 305
501 86
501 217
501 312
502 414
502 244
502 255
502 154
503 210
503 332
503 198
504 439
505 294
505 39
505 77
506 62
506 114
506 402
506 82
506 158
506 49
506 27
507 176
507 360
507 51
507 66
507 15
508 51
508 5
508 494
508 308
508 452
508 129
508 339
508 88
508 174
509 203
509 123
509 56
510 494
510 504
