64 255 -1
0 20
0 51
1 10
1 51
1 37
1 52
2 13
2 58
3 8
3 21
4 46
4 30
4 63
4 12
4 8
5 19
5 35
5 8
5 30
6 16
6 43
7 51
7 2
7 46
7 15
7 28
8 38
8 17
8 57
8 20
9 52
9 3
9 44
9 27
10 20
10 52
10 16
11 31
11 33
11 26
11 52
11 13
11 13
11 51
11 29
11 4
12 1
12 43
12 21
12 41
12 63
13 57
13 15
14 16
14 52
14 27
14 1
14 5
14 32
15 56
15 7
15 39
15 43
16 57
16 8
16 57
17 38
17 54
17 54
18 47
18 21
18 23
18 33
19 54
19 61
19 45
20 18
20 32
21 26
21 30
21 35
21 5
21 11
21 43
21 51
21 2
22 3
22 30
22 9
22 51
23 47
23 39
23 26
24 40
24 32
24 56
25 4
25 2
25 41
26 29
26 52
26 33
26 62
28 61
28 10
28 36
28 53
29 55
29 10
29 2
29 40
29 4
29 1
29 38
29 37
30 14
30 63
30 36
30 48
30 11
31 12
31 60
31 13
31 43
31 35
31 28
32 51
32 10
32 44
32 2
33 6
33 3
33 52
33 63
33 9
33 20
33 47
33 1
34 41
34 7
34 36
34 29
34 45
35 48
35 1
35 3
35 45
35 32
35 35
36 56
36 24
37 5
37 28
37 33
38 61
38 53
38 21
39 19
39 4
39 45
39 14
40 35
40 49
40 50
40 14
41 9
41 55
41 28
41 32
42 5
42 15
42 30
42 50
43 29
44 18
44 29
44 31
44 5
45 60
45 57
45 11
45 54
45 7
46 61
46 27
46 48
46 9
46 27
46 39
46 38
47 22
47 47
48 15
48 39
48 42
48 33
48 38
49 32
49 16
49 30
49 59
50 59
50 47
50 17
51 18
51 6
51 34
52 42
52 6
52 61
52 18
52 40
53 4
53 9
53 47
53 51
53 4
53 17
53 42
53 23
53 41
54 39
54 39
54 54
54 63
54 63
54 57
55 1
55 57
56 47
56 56
56 36
57 7
57 53
58 6
58 50
58 2
59 28
59 62
59 9
59 35
59 6
60 58
60 36
60 19
60 27
61 21
61 23
61 53
61 48
62 51
62 20
62 21
62 41
62 23
