256 1023 -1
1 169
2 19
2 56
2 181
2 25
2 246
3 34
3 47
3 168
4 231
4 194
4 40
4 97
4 211
4 209
5 58
5 129
5 101
5 36
5 12
6 70
6 52
6 245
6 86
6 82
7 139
7 28
8 237
8 218
8 11
8 84
9 241
9 227
9 120
9 237
10 184
10 121
10 150
10 241
10 211
10 132
10 17
11 154
11 231
12 67
12 216
12 182
12 237
13 140
13 76
13 17
14 155
15 219
15 92
15 193
15 154
15 30
15 79
16 237
16 31
16 179
17 173
17 74
18 105
18 83
18 36
18 225
18 3
18 96
19 54
19 197
19 76
19 228
19 135
19 134
19 124
19 25
20 56
20 28
20 129
20 10
20 64
21 248
21 53
21 73
21 73
22 118
22 213
22 52
23 190
23 245
23 174
24 10
24 143
24 39
24 85
24 33
24 167
25 166
25 144
25 228
25 233
26 78
26 72
27 175
27 150
27 122
27 202
27 167
27 67
28 124
28 195
28 122
28 126
29 222
29 170
29 198
29 21
30 243
30 27
30 36
30 25
31 37
31 27
31 25
32 126
32 170
32 83
32 101
32 198
32 69
33 17
33 5
33 64
33 45
33 94
33 156
34 253
34 101
34 16
36 48
36 221
36 179
36 73
36 236
36 170
37 143
37 168
37 90
37 1
37 181
38 232
38 171
38 110
38 130
39 137
39 231
39 227
39 226
39 179
40 171
40 9
40 231
40 2
40 189
41 108
41 6
41 219
41 11
41 22
42 66
42 160
43 184
43 61
43 175
44 170
44 94
44 52
44 172
44 232
44 162
45 119
45 69
45 54
45 88
46 78
46 31
46 221
46 12
47 105
47 212
47 166
47 36
47 60
47 39
48 65
48 203
48 100
49 79
49 21
49 230
49 16
50 216
50 129
51 115
52 215
52 39
52 142
52 24
52 117
53 52
53 43
53 202
53 215
53 211
53 72
53 23
53 115
53 8
53 117
53 136
53 233
53 34
53 181
54 130
54 46
54 239
54 11
55 217
55 211
55 121
55 93
55 133
55 31
56 157
56 20
56 224
56 229
56 171
56 167
56 128
57 43
57 189
57 201
57 197
58 62
58 138
58 64
58 123
58 166
58 192
59 240
59 251
59 172
60 209
60 181
60 129
60 139
60 232
61 8
61 181
61 129
62 201
62 96
62 119
62 136
63 250
63 135
63 10
63 189
63 195
63 11
63 155
64 114
64 69
64 9
64 68
65 131
65 112
65 77
65 151
66 19
66 134
66 143
67 114
68 133
68 101
68 235
68 184
68 166
68 104
69 247
69 134
70 240
70 14
70 39
70 223
70 61
71 46
71 251
72 163
72 151
72 103
73 133
73 82
73 22
73 46
73 171
73 49
74 184
74 181
74 232
74 39
75 164
75 166
75 49
75 105
75 12
76 253
76 231
76 90
76 6
76 207
77 154
77 94
77 87
77 134
77 60
77 108
77 131
77 56
78 75
78 197
78 5
78 69
78 160
79 69
79 59
79 211
80 100
80 90
80 186
80 32
81 102
81 123
81 241
81 158
82 212
82 81
82 12
82 32
82 84
82 194
83 6
83 169
83 229
84 23
84 138
84 107
85 78
85 168
85 227
85 189
85 242
85 60
85 67
85 163
86 220
86 29
87 47
87 116
87 93
88 154
88 239
88 242
88 63
88 217
88 10
89 115
89 74
90 227
90 49
90 78
90 33
90 132
91 237
91 178
91 141
91 148
91 5
92 52
92 248
92 159
92 217
92 133
92 35
93 99
93 95
93 58
93 31
93 87
94 7
94 120
94 82
95 197
95 134
95 116
96 62
96 178
96 60
96 69
96 23
96 115
96 246
96 246
96 198
96 136
96 246
97 42
97 165
97 74
98 89
98 186
98 225
99 166
99 78
100 203
101 62
101 217
102 9
102 49
102 17
102 147
102 144
102 152
103 214
103 21
103 64
103 249
104 44
104 216
104 26
104 205
104 162
104 127
104 127
105 112
105 143
106 18
106 119
107 216
107 15
107 218
107 189
107 200
108 252
108 224
109 98
109 62
109 90
109 56
109 184
109 221
110 72
110 183
110 33
110 1
111 50
111 98
111 21
111 191
111 88
112 35
112 247
112 31
112 206
112 48
112 228
112 126
113 87
113 173
113 74
114 65
114 55
114 39
114 138
114 96
115 18
117 40
118 80
118 247
118 159
118 167
118 208
118 195
119 230
119 131
119 234
119 54
119 75
120 164
121 237
121 145
121 181
121 130
121 187
121 59
121 71
122 37
122 154
122 98
122 219
122 229
122 111
122 22
123 18
123 117
123 24
123 157
123 139
123 234
123 118
124 34
125 221
125 153
125 195
125 247
125 220
126 33
126 72
127 32
128 109
128 249
128 197
129 142
129 106
130 172
130 171
130 221
130 108
132 177
133 67
133 159
133 129
134 70
134 119
134 120
134 86
135 207
135 86
135 59
136 240
136 180
136 206
136 219
137 177
137 243
137 244
137 95
138 143
138 180
138 248
138 145
138 72
138 121
139 209
139 228
139 107
140 180
140 154
140 30
140 144
140 230
140 244
140 145
140 90
141 111
141 100
141 138
141 75
141 62
141 56
142 78
143 97
143 233
143 213
143 16
144 186
144 35
144 106
145 51
145 56
145 205
146 104
146 18
146 161
147 110
147 126
147 99
147 15
147 254
147 98
148 148
148 160
148 230
148 13
149 203
149 202
149 6
150 220
150 224
150 171
151 38
151 86
151 247
151 166
152 134
152 38
153 144
153 29
153 242
153 112
153 51
154 37
154 56
155 240
155 250
155 208
155 149
156 12
156 187
156 188
156 201
156 145
156 227
156 245
156 101
157 118
157 48
157 131
157 100
157 121
158 104
158 205
158 166
158 17
159 215
159 135
160 164
160 216
160 245
161 91
161 44
161 21
161 83
161 208
161 4
163 130
164 117
164 141
165 54
165 235
165 20
166 156
166 15
166 19
166 116
166 138
166 126
166 4
167 35
167 2
167 133
167 36
168 234
168 44
168 135
168 48
168 140
168 55
168 100
169 218
170 33
170 64
170 52
171 90
172 216
172 126
172 93
172 9
172 177
173 210
173 107
173 249
173 38
173 113
173 195
173 180
174 148
174 83
174 54
175 125
175 191
176 186
176 24
176 135
176 1
177 148
177 49
177 158
178 58
178 53
178 141
178 216
178 227
178 213
178 149
179 43
179 126
180 162
180 194
180 51
180 244
180 123
180 234
180 56
180 52
181 154
181 32
181 160
182 119
182 76
182 152
183 207
183 213
183 154
183 81
183 201
183 1
184 8
184 214
185 182
185 97
185 139
185 145
186 188
186 200
186 112
186 248
186 95
187 240
187 205
188 28
188 191
189 36
190 213
190 100
190 47
190 33
190 202
191 236
191 112
192 134
192 196
192 82
193 246
193 199
193 126
194 56
194 50
195 20
195 155
195 198
196 116
196 172
196 167
196 41
197 119
197 75
198 244
198 160
198 5
198 236
198 53
199 192
199 63
200 150
200 99
200 5
201 209
201 213
201 129
201 72
201 255
201 43
201 164
201 10
201 96
201 67
202 55
202 22
203 239
203 98
203 224
203 201
203 231
204 136
204 92
204 183
204 30
204 233
205 205
205 142
205 3
205 223
205 35
206 68
206 124
206 17
206 64
206 75
206 120
207 12
207 26
207 117
207 192
208 12
208 206
208 240
208 211
208 90
209 144
209 203
209 232
210 104
210 135
210 147
211 120
211 17
212 244
212 127
212 86
212 80
212 20
212 253
213 184
213 62
213 245
213 211
214 236
214 242
214 130
215 235
215 132
215 30
215 138
216 247
216 29
216 47
217 38
217 250
218 38
218 111
218 82
218 49
218 210
219 249
219 46
220 121
220 236
221 26
221 105
221 239
222 82
222 84
222 133
222 248
222 66
223 124
223 211
223 74
224 86
224 4
224 199
224 81
225 235
225 25
226 65
226 233
226 101
226 111
226 60
226 109
226 48
226 175
227 211
227 74
227 208
227 14
227 180
227 185
227 211
227 96
228 120
228 190
228 133
228 97
229 76
229 254
229 205
230 3
230 201
230 210
231 200
231 206
231 133
231 179
232 2
232 30
232 5
232 4
232 148
232 149
232 187
233 131
233 217
233 119
233 73
233 235
233 227
234 222
234 225
234 248
235 234
235 101
235 103
235 191
235 170
235 143
235 148
236 64
236 22
236 41
236 137
236 228
236 3
237 82
237 17
237 15
238 38
238 123
238 60
238 212
238 9
239 218
239 135
239 153
239 16
239 194
239 164
240 173
240 216
240 25
240 43
240 92
240 134
241 75
241 13
241 94
241 68
241 84
241 189
242 172
242 125
242 18
242 198
242 179
243 6
243 101
243 100
243 57
243 194
244 14
244 69
244 122
244 101
244 112
244 178
245 101
245 211
245 201
246 78
246 179
246 91
246 199
246 74
247 49
247 238
248 228
248 231
249 129
249 104
249 211
249 74
250 238
250 141
250 4
250 83
250 241
250 227
251 229
251 193
251 220
252 193
252 102
252 195
252 143
252 107
252 119
252 250
252 68
253 160
253 78
