32 127 -1
0 26
0 25
0 17
1 29
1 4
1 30
1 25
1 11
2 25
2 9
2 13
2 26
3 15
3 24
3 13
3 16
3 5
3 9
4 6
4 30
4 16
5 22
5 26
6 30
6 16
6 12
6 8
6 11
7 13
8 2
8 2
8 4
8 30
8 28
8 14
8 29
8 27
9 11
9 29
9 6
9 11
9 25
10 23
10 27
10 27
10 20
11 8
11 26
11 29
11 30
12 16
12 18
12 8
12 21
12 9
12 11
12 16
12 1
12 20
13 24
13 19
13 21
13 17
14 29
14 29
14 26
15 7
15 25
16 6
16 8
16 6
16 21
16 11
16 29
16 29
16 2
16 24
18 3
18 7
18 22
19 8
19 22
19 15
19 25
19 12
19 5
19 15
19 7
19 18
20 19
20 23
20 31
22 12
22 27
22 5
22 18
23 6
23 23
23 3
23 17
23 19
24 12
24 4
24 22
24 22
25 14
25 30
26 7
27 4
27 30
27 15
27 13
27 23
27 30
27 19
27 7
27 31
28 4
28 22
28 23
29 6
29 11
30 24
30 12
30 9
30 23
30 30
