1024 4095 -1
0 938
0 555
0 8
0 350
0 60
1 602
1 165
1 132
1 142
2 265
2 327
2 171
2 453
3 78
3 1018
3 655
3 893
3 647
3 9
3 529
3 29
4 870
4 882
4 994
4 747
5 10
5 790
6 553
6 210
6 785
6 444
6 345
7 260
8 11
8 327
8 181
8 1012
8 1008
8 109
9 50
9 491
9 561
9 810
10 121
10 205
11 484
11 508
11 723
11 424
11 999
11 818
12 94
12 603
12 728
13 422
13 886
13 276
13 996
14 834
14 222
14 77
14 704
14 788
14 744
14 469
14 53
15 175
16 448
16 375
16 566
17 161
17 868
17 985
18 460
18 659
19 222
19 877
19 623
19 307
19 175
20 764
20 727
20 695
20 76
20 832
21 532
21 462
21 288
22 333
22 444
22 387
22 468
22 154
23 898
23 818
23 414
23 1009
24 22
24 544
24 310
24 422
25 895
25 286
25 220
25 982
25 735
26 918
26 6
26 461
27 592
27 641
28 61
28 633
28 101
28 458
28 298
28 542
28 1007
28 441
28 465
28 921
29 464
29 566
29 657
29 846
29 509
30 303
30 641
30 529
30 940
30 406
30 310
31 794
31 474
31 427
31 446
31 347
31 48
31 446
31 451
32 492
33 297
33 902
33 551
33 706
34 1014
34 544
34 310
34 218
35 902
35 111
35 105
36 769
36 243
36 972
36 682
37 223
37 320
37 766
37 563
38 798
38 602
38 800
38 101
39 461
39 104
39 871
39 425
39 354
39 517
39 680
40 990
40 910
40 276
40 264
41 54
41 677
41 122
41 611
41 459
41 491
41 970
41 420
42 359
42 590
42 697
42 888
42 294
42 44
42 286
43 47
43 290
43 952
43 440
44 737
44 53
44 150
45 525
45 853
45 303
45 935
45 686
45 458
46 569
46 397
47 752
47 697
47 921
47 940
47 133
47 115
48 569
48 784
49 60
49 689
49 607
50 245
50 2
50 561
50 626
50 413
51 584
51 253
52 654
52 1022
52 532
52 371
53 977
53 742
53 256
53 500
54 567
55 358
56 65
57 960
57 588
58 379
58 1023
59 283
59 90
59 846
60 544
60 528
60 928
61 147
61 593
61 980
61 991
61 78
61 552
61 784
61 661
62 69
62 579
62 976
62 984
63 293
63 787
63 292
63 965
63 614
63 814
64 956
64 221
64 128
65 346
65 872
65 211
66 44
66 471
66 161
66 1001
66 620
66 395
67 140
68 334
68 824
68 999
68 110
68 170
68 500
68 37
68 240
69 506
69 993
69 458
70 142
71 798
71 844
71 337
71 499
71 505
71 79
72 515
73 757
73 993
73 563
73 67
73 873
74 71
75 786
75 406
75 55
76 692
76 122
76 865
77 109
77 650
79 449
79 429
79 801
79 528
79 293
80 362
80 847
80 810
80 650
81 704
81 950
82 608
82 675
82 69
82 975
83 467
84 596
84 782
84 585
85 375
85 800
85 466
85 297
85 581
85 296
86 779
87 483
87 225
87 1020
87 251
87 5
88 1015
89 843
89 901
89 556
89 539
89 870
90 840
90 489
90 862
90 95
91 274
91 278
91 917
91 792
91 562
91 795
92 725
92 238
92 471
92 156
92 284
92 198
93 208
93 800
93 860
93 789
94 583
94 825
94 379
95 382
95 197
95 514
95 286
96 1001
96 711
96 290
96 768
96 11
96 439
96 25
97 643
97 251
97 34
98 79
98 446
98 577
98 1023
98 639
98 219
98 793
99 508
99 329
99 831
100 413
100 957
101 459
101 688
101 501
101 490
101 33
101 612
101 969
101 739
102 583
102 162
102 427
102 113
103 71
103 802
104 312
104 32
104 812
105 26
105 793
105 220
105 777
106 226
106 35
106 129
106 758
107 250
107 576
107 737
107 616
108 768
109 680
110 353
111 488
111 319
111 216
112 12
112 546
112 174
112 613
112 22
113 639
113 835
114 996
114 302
114 197
115 156
115 130
115 790
115 869
115 117
115 445
116 183
116 82
117 362
117 340
117 476
117 673
117 377
117 768
118 59
118 905
119 865
119 244
120 360
120 319
120 847
120 24
121 529
121 398
121 485
122 720
122 828
122 717
122 1012
123 45
123 603
123 1002
123 752
123 585
123 560
123 941
124 17
124 275
124 880
124 407
124 673
124 838
124 808
126 230
126 26
126 844
126 753
126 505
126 344
126 818
127 462
127 67
127 308
128 31
128 321
128 719
129 798
129 195
129 338
130 80
130 121
130 205
130 343
131 785
131 232
132 715
132 154
132 440
132 504
132 154
132 89
132 726
132 401
133 220
133 290
133 816
133 226
134 947
134 217
134 539
134 474
134 770
134 920
135 710
135 1004
136 931
136 359
136 402
137 531
137 886
137 457
138 946
138 264
138 268
138 558
139 946
139 738
139 153
140 135
140 396
140 723
140 752
140 16
141 963
142 689
142 154
142 400
143 161
143 1010
144 251
144 808
144 132
144 381
145 661
146 822
146 138
146 18
146 630
146 726
147 94
147 94
147 616
147 182
147 332
147 60
147 703
147 5
148 895
148 455
148 862
148 987
148 780
148 227
149 319
149 290
149 575
149 838
149 430
149 806
149 299
149 132
149 728
149 421
149 151
150 650
150 411
150 393
151 867
151 413
151 210
152 339
152 728
152 480
152 488
153 419
153 494
153 848
154 641
154 605
154 743
154 64
155 265
155 431
155 667
155 93
156 576
156 745
156 577
157 312
157 402
157 294
157 843
158 913
158 196
158 55
159 481
159 381
159 795
159 562
160 547
160 471
161 432
161 737
161 130
161 615
162 937
163 882
163 854
163 562
164 786
164 473
164 114
164 207
164 339
164 470
164 642
164 569
165 716
166 146
166 318
166 672
166 847
166 275
166 256
166 398
167 791
167 470
167 407
168 310
168 767
168 767
168 464
169 38
169 737
169 673
170 309
170 38
170 471
170 775
171 781
171 608
171 498
173 173
173 186
173 21
173 399
174 651
174 577
174 968
175 915
175 818
176 875
177 660
177 290
177 243
177 164
178 439
178 260
178 293
178 389
178 677
178 309
179 229
179 160
179 560
179 111
180 478
181 732
181 823
181 753
181 275
181 186
181 677
182 671
182 996
182 5
183 401
183 197
183 394
183 773
183 148
183 241
183 378
184 467
184 574
184 577
184 503
184 530
185 576
185 45
186 545
186 772
186 816
186 478
186 469
186 105
186 915
188 508
188 135
188 499
188 277
188 143
188 40
188 693
188 88
188 67
189 756
189 203
189 343
189 829
189 178
190 536
190 950
190 42
190 5
191 863
191 444
191 86
191 728
192 348
192 531
192 447
192 451
192 220
193 690
193 784
193 560
193 781
193 561
194 779
194 1014
194 41
194 78
194 468
194 359
194 98
195 703
195 429
195 379
195 107
195 999
195 681
196 926
196 149
196 496
196 762
196 890
196 216
196 781
197 692
197 73
197 615
197 195
198 724
198 12
198 615
198 652
198 909
198 837
198 324
199 952
199 371
199 410
199 906
200 399
200 467
200 15
201 770
201 639
201 478
202 706
202 349
202 963
202 371
202 870
202 434
203 146
203 953
204 13
204 8
204 224
205 801
205 421
205 1010
206 322
206 823
206 84
207 775
207 147
207 388
207 154
208 827
208 974
208 1014
208 48
208 34
209 919
209 989
209 867
210 323
210 634
210 6
210 917
211 380
211 325
211 250
211 12
212 684
212 865
212 948
213 311
213 529
213 955
213 553
213 80
213 310
214 80
214 852
215 793
215 79
215 444
215 597
215 286
216 759
216 334
216 943
216 592
217 494
217 44
217 101
217 644
218 702
218 658
219 756
219 226
219 293
220 24
220 921
220 222
220 949
221 827
221 136
221 815
221 504
222 986
222 422
222 1012
222 914
223 192
223 103
223 869
223 878
223 426
223 362
224 178
224 603
224 261
224 862
224 767
224 948
225 715
225 374
225 824
225 1012
226 40
226 555
226 483
226 991
226 359
227 959
227 363
227 915
228 980
228 428
228 919
228 969
228 276
228 688
229 75
230 74
230 850
231 956
231 518
232 755
232 349
232 152
232 450
232 15
232 998
233 541
233 37
233 215
233 780
234 736
234 25
234 241
234 840
234 584
234 775
235 685
235 144
235 739
235 451
235 904
236 368
236 835
237 143
238 364
238 238
239 502
240 602
240 625
240 160
240 590
240 696
240 61
241 77
241 469
241 269
241 199
241 123
241 701
241 630
241 360
242 214
242 878
243 643
243 648
244 886
244 849
244 663
244 213
244 664
244 472
244 67
244 448
244 92
245 501
245 1021
245 521
245 802
245 771
245 915
245 157
245 765
246 149
246 272
246 409
247 498
247 524
248 531
248 840
248 29
248 677
248 254
248 604
249 487
250 204
250 252
250 219
250 242
251 393
251 948
251 372
251 321
251 238
252 782
252 269
252 334
252 784
252 302
252 82
253 628
253 553
253 516
253 785
253 76
253 875
253 592
254 816
254 807
255 991
255 100
255 416
256 858
256 376
256 957
256 617
256 765
256 316
257 485
257 587
258 367
258 435
258 616
258 750
258 758
258 769
258 635
258 617
258 697
259 355
259 1015
259 323
259 1015
259 716
259 503
260 973
260 897
260 650
261 837
261 967
261 571
261 138
261 475
261 308
261 545
262 354
263 642
263 950
263 735
263 921
264 567
264 815
265 587
265 210
266 484
266 411
267 647
267 466
267 860
268 786
268 476
268 437
268 966
268 357
268 708
268 56
268 732
268 299
269 168
269 586
269 360
270 69
270 782
270 249
270 305
270 177
270 345
270 564
270 626
271 861
271 189
271 406
271 478
271 560
271 501
271 804
271 652
272 199
272 441
273 996
273 79
273 258
273 298
274 186
274 621
274 22
274 562
275 469
275 700
275 526
276 306
276 758
276 659
276 996
276 687
276 1010
276 967
277 25
277 608
277 982
278 874
278 296
279 930
279 944
279 257
279 602
280 306
280 507
280 537
280 262
280 153
281 459
281 71
281 993
281 475
282 573
282 146
282 1001
283 47
283 714
284 395
284 67
285 350
285 537
285 223
285 44
286 555
287 649
287 429
287 786
287 499
288 440
288 201
288 675
288 295
288 38
288 383
288 1002
289 46
289 798
291 752
291 326
292 107
292 637
292 983
292 897
293 866
293 661
293 118
293 903
294 92
294 19
295 73
297 637
298 920
298 621
298 194
299 424
299 474
299 708
300 992
300 698
301 36
301 25
301 779
301 808
301 707
302 619
302 693
302 697
303 170
303 989
303 622
303 538
303 315
303 140
303 420
303 967
304 912
304 322
304 623
304 345
305 55
305 130
305 476
305 320
306 452
306 260
307 250
307 368
307 588
307 520
307 773
308 143
308 191
308 107
308 1001
308 41
308 14
308 817
308 692
309 431
310 1001
310 386
310 404
310 449
310 302
311 161
311 813
311 494
311 580
312 480
312 215
312 546
312 139
312 385
313 835
313 878
314 637
314 358
314 117
314 172
315 394
315 50
315 270
315 568
315 380
316 415
316 385
316 100
316 448
316 256
317 572
317 498
318 512
318 707
318 833
318 42
318 502
318 811
318 723
318 860
318 965
319 254
319 502
319 75
319 452
320 547
321 8
321 184
321 57
321 141
321 658
321 522
321 378
322 49
322 933
322 357
322 264
322 808
323 624
323 617
323 208
323 855
324 555
324 396
324 72
324 597
324 260
325 832
325 954
325 120
325 469
326 659
326 677
326 482
326 371
326 184
326 98
326 145
327 330
327 500
327 185
327 709
328 48
328 408
328 471
329 898
329 509
329 759
329 306
329 992
329 235
330 414
330 211
330 166
330 528
330 200
330 800
330 553
331 56
331 929
332 244
332 513
332 163
332 907
332 1008
332 61
332 642
333 972
333 368
334 927
334 987
335 576
335 687
335 654
335 297
335 599
335 736
336 200
336 145
336 454
336 164
336 939
337 103
337 769
338 123
339 1017
339 90
339 437
339 705
339 873
339 891
339 213
339 64
340 718
340 654
340 745
340 815
340 869
340 668
340 12
341 751
341 519
341 131
341 875
341 4
342 588
342 59
342 201
343 234
344 650
344 346
344 386
344 437
345 283
345 480
345 122
345 603
345 749
346 1002
346 556
346 854
346 117
347 372
347 842
347 338
348 633
348 243
348 891
348 21
348 274
348 879
348 596
349 822
350 974
350 339
350 810
351 260
351 607
351 595
352 192
353 445
353 845
354 844
354 791
354 163
354 399
355 106
355 343
357 1017
357 558
357 834
357 69
357 735
359 475
359 872
359 29
359 975
360 773
360 88
360 541
361 108
361 302
361 632
361 313
361 648
361 303
362 790
362 659
362 1015
363 119
363 597
363 953
364 936
364 345
364 70
364 566
364 921
364 620
365 182
365 4
366 1009
366 179
366 626
367 82
367 706
367 276
367 90
367 804
367 747
367 577
367 13
367 999
367 477
367 311
368 475
368 246
368 873
368 669
369 561
369 600
369 654
369 908
370 904
370 42
370 598
370 741
371 929
371 60
371 313
371 84
372 988
373 699
373 347
373 69
373 701
373 806
373 671
373 268
373 530
374 59
374 788
374 944
375 982
375 406
375 593
375 552
376 404
376 792
376 69
376 908
376 588
376 536
376 862
376 46
376 246
377 310
377 746
377 130
378 383
378 930
378 509
378 457
379 480
379 415
379 717
379 896
379 67
380 991
381 592
381 685
381 970
382 402
382 558
382 54
382 718
383 348
384 216
384 203
384 361
385 226
385 248
385 578
385 176
385 621
385 184
385 271
386 249
386 1006
386 869
386 837
386 856
387 336
387 774
387 613
387 910
387 522
387 823
388 560
388 696
388 1018
388 590
389 73
389 43
390 374
390 967
390 808
390 321
391 433
391 630
391 884
391 431
392 638
392 325
392 670
393 64
393 515
394 703
394 42
394 265
395 789
395 117
395 410
396 808
396 346
396 240
397 652
397 62
398 286
398 80
398 407
398 996
398 19
399 950
399 171
399 15
399 838
399 300
399 762
400 204
400 246
400 765
400 825
401 407
401 102
401 548
402 830
402 664
402 840
403 94
404 814
404 202
404 172
404 657
404 383
405 688
406 1016
406 118
407 846
407 149
407 59
407 641
408 556
408 545
408 747
408 354
408 422
408 288
409 164
409 835
409 901
409 368
409 437
410 552
410 109
411 821
411 326
411 536
411 80
411 378
412 825
412 871
412 224
413 849
413 780
413 813
414 498
414 915
415 824
415 396
415 518
416 376
416 403
417 525
417 815
417 784
417 496
417 822
417 213
417 500
417 904
417 732
417 457
417 292
418 304
418 760
418 239
419 681
419 934
419 751
419 196
420 1014
420 289
420 640
420 263
421 61
421 749
421 163
421 636
422 56
422 202
422 762
422 739
422 746
422 45
423 174
423 336
423 658
423 968
423 1010
423 606
424 663
424 106
424 49
424 439
424 521
425 364
425 10
426 887
426 221
426 915
426 845
426 567
427 270
427 402
427 931
427 571
428 893
428 479
429 674
429 428
429 63
430 567
430 344
430 522
430 556
430 1010
431 908
431 844
431 903
431 151
431 83
432 768
432 915
432 479
432 103
432 831
432 361
433 544
434 1009
434 647
434 960
434 61
434 201
434 758
435 1013
435 326
435 83
435 111
436 310
437 648
437 965
437 808
437 988
437 422
437 330
438 180
438 914
438 488
438 513
439 365
439 686
439 168
439 331
439 24
440 130
440 891
440 837
440 387
440 302
440 654
440 603
440 598
441 283
441 971
441 312
442 337
442 594
442 611
443 771
443 792
443 311
443 8
443 478
443 820
444 324
445 272
445 878
445 179
446 824
446 927
446 871
447 592
447 120
447 486
447 979
447 294
447 685
448 742
448 338
448 747
448 459
448 277
449 286
449 207
449 133
449 550
449 145
450 807
450 633
451 41
451 792
451 554
451 715
452 372
452 211
452 55
452 935
452 899
453 857
453 469
453 947
453 757
454 43
454 139
455 366
455 879
455 1018
456 539
456 594
456 932
457 1015
457 879
457 163
457 426
458 454
458 877
458 901
458 760
458 237
458 12
458 175
459 89
459 95
459 553
460 567
460 791
460 298
460 758
461 813
461 932
461 240
461 638
461 10
461 130
461 176
461 19
462 575
462 817
462 945
462 679
462 603
463 327
463 180
463 534
464 118
464 708
464 167
464 769
465 521
465 264
465 887
465 302
466 228
466 983
466 111
466 820
467 222
467 55
467 562
467 792
467 505
468 279
468 72
468 737
468 495
469 285
469 328
469 759
469 69
469 424
470 367
470 46
470 736
471 402
471 509
472 13
472 570
473 316
473 514
473 705
474 399
474 111
475 245
475 42
475 824
476 960
477 92
477 1003
478 670
478 802
478 334
478 585
478 614
479 751
479 835
479 734
479 493
480 449
480 712
481 53
481 840
481 19
482 576
482 578
482 997
482 61
482 869
482 221
483 302
483 623
483 753
483 528
483 156
484 898
484 237
484 177
484 696
485 206
485 365
485 1019
485 7
485 891
485 338
485 198
485 141
486 291
486 433
486 726
486 281
486 195
487 442
487 1022
488 856
488 21
488 642
488 79
488 413
488 853
488 572
488 1016
488 47
488 256
488 758
488 835
488 262
489 104
489 629
490 737
490 71
490 207
490 801
490 1010
491 6
491 49
491 743
491 699
491 917
491 598
492 718
492 743
492 705
492 984
493 141
493 795
493 951
493 299
494 1010
494 816
494 165
494 904
494 135
495 617
496 552
496 671
496 148
496 66
496 90
496 350
496 554
497 862
497 464
497 580
497 293
497 270
497 35
498 528
498 766
498 15
499 3
499 686
499 762
500 660
500 322
500 993
501 574
501 548
501 779
501 354
502 60
502 331
502 680
502 670
503 470
503 200
504 493
504 317
504 184
504 696
504 399
505 229
505 1011
506 860
506 44
507 793
507 951
507 509
507 763
507 812
507 239
507 741
508 183
508 430
509 895
509 79
509 725
509 516
510 842
510 207
510 499
510 450
510 244
510 190
511 500
511 207
511 852
511 262
511 629
511 670
511 128
512 325
512 468
512 502
512 957
513 753
513 855
513 195
513 471
513 724
513 54
514 216
514 376
514 217
515 68
515 406
515 348
515 400
516 605
516 212
516 122
516 168
516 819
518 462
518 980
518 647
518 705
519 235
519 741
519 979
519 1013
520 902
520 83
521 61
521 281
521 627
521 392
521 605
522 756
522 917
522 480
522 955
522 250
522 472
523 622
523 467
523 481
524 682
524 341
524 877
524 325
525 730
525 292
526 476
526 747
526 535
526 722
527 587
527 825
527 443
527 163
527 961
527 932
528 530
528 547
528 170
529 746
529 851
530 349
530 406
530 416
530 863
530 281
531 221
531 882
531 580
531 862
532 244
532 532
532 744
532 622
532 953
532 659
532 280
532 524
533 822
533 601
533 461
534 637
535 455
535 193
536 301
536 213
536 757
536 789
536 478
536 133
537 490
537 458
537 117
538 802
538 959
538 666
538 937
539 535
539 346
540 260
540 501
540 575
540 626
540 843
540 460
540 886
540 198
541 588
541 519
541 482
541 782
542 611
542 147
542 422
542 598
542 637
542 234
542 289
543 272
544 188
544 215
545 592
545 645
545 314
545 726
545 489
546 86
546 669
547 1015
547 152
547 996
547 453
547 787
547 717
548 528
548 530
548 161
548 693
548 956
549 393
549 532
549 952
550 653
551 142
551 747
551 136
552 950
552 924
553 793
553 275
553 788
554 465
554 551
554 536
554 312
554 16
554 776
554 717
554 182
554 204
554 622
554 236
555 518
555 109
555 853
555 228
555 83
555 290
555 30
555 574
556 621
556 475
556 18
556 967
557 489
557 430
557 577
558 778
558 385
558 479
558 426
559 644
559 238
559 625
559 188
560 475
560 497
560 273
560 503
560 465
560 206
561 438
561 6
561 829
562 772
562 81
562 429
563 826
563 395
564 587
564 944
564 883
565 90
565 362
565 512
566 523
566 47
566 613
566 865
567 231
567 342
567 513
567 71
567 266
567 821
567 894
567 588
567 881
568 477
568 621
568 282
568 998
568 31
569 467
569 508
569 1007
569 137
570 954
570 510
570 971
571 709
571 5
571 1008
571 806
572 419
572 822
572 801
573 242
573 837
573 776
573 61
575 404
575 898
575 575
576 727
576 66
576 173
576 512
576 258
577 850
577 9
577 288
577 717
577 196
577 734
578 997
578 361
578 777
578 935
578 740
578 181
579 867
579 53
579 363
579 674
580 450
580 493
580 635
580 161
580 140
580 228
580 1016
580 453
581 370
581 981
582 654
582 993
582 186
582 49
583 663
583 541
583 570
583 786
584 410
584 27
584 141
584 18
584 195
585 212
585 379
585 309
585 19
585 699
585 963
586 88
586 141
586 407
586 71
586 815
587 275
587 345
588 977
588 156
589 1020
590 525
590 251
590 341
590 528
590 784
591 318
591 1018
592 564
592 441
592 238
593 55
593 137
593 398
593 565
594 114
594 414
594 942
594 961
595 112
595 374
596 355
596 590
596 582
596 217
596 954
597 15
597 509
597 140
597 543
598 901
598 381
599 216
599 257
600 584
600 778
600 808
600 162
600 950
600 77
601 344
601 825
601 346
601 458
602 527
602 135
602 271
602 272
602 981
602 751
603 151
603 222
603 914
603 766
603 306
603 243
603 898
603 85
603 631
603 779
604 441
605 118
606 176
606 392
606 737
606 80
607 379
607 250
608 348
608 67
609 525
609 364
609 351
609 787
609 399
609 222
610 633
610 203
611 328
611 971
611 461
612 927
612 256
612 145
612 27
612 310
613 813
613 321
613 333
613 689
614 960
614 272
614 419
614 785
615 277
615 30
615 450
615 765
615 599
615 525
616 85
616 290
616 454
617 263
617 982
617 410
617 417
618 827
618 896
618 76
618 938
618 381
619 840
619 980
619 1006
619 84
620 747
620 245
620 814
620 349
620 971
621 214
621 591
621 695
621 95
621 37
621 677
621 150
622 67
622 436
622 621
622 604
622 864
623 726
623 273
623 66
623 111
623 153
623 476
624 854
624 261
624 834
624 657
624 72
624 944
625 243
625 885
625 580
626 212
626 382
626 161
626 832
626 784
626 521
626 994
626 768
626 898
627 555
627 662
627 49
627 448
627 73
628 713
628 352
628 668
628 429
628 533
628 614
629 414
629 842
630 628
630 752
630 732
630 357
631 460
631 949
631 122
631 115
632 667
632 731
632 734
632 125
632 310
632 738
632 101
632 94
633 950
635 30
635 139
635 905
635 142
635 564
636 907
636 957
637 801
637 272
638 1018
638 487
638 1
638 199
639 540
639 959
640 391
640 386
640 745
640 405
640 616
641 912
641 456
641 294
641 324
642 679
642 905
642 136
642 757
642 544
643 655
643 567
643 1022
643 614
643 802
643 382
644 514
644 183
644 949
645 746
645 100
645 841
646 55
646 979
647 816
647 66
647 632
647 4
647 176
647 640
648 883
648 279
648 889
648 469
648 840
649 142
649 649
649 826
649 451
649 338
650 608
650 900
650 551
650 977
650 108
651 222
651 569
651 708
651 978
651 118
652 63
652 611
652 586
652 373
652 507
653 56
653 190
653 566
653 720
653 416
653 5
653 396
653 875
654 523
654 93
654 518
654 147
654 648
654 436
654 517
655 832
655 37
655 782
655 989
656 524
656 557
656 95
656 649
656 868
656 569
656 525
656 934
656 534
657 881
658 230
658 228
658 866
658 824
658 862
659 572
659 647
659 366
659 87
659 343
659 694
659 671
660 968
660 782
660 461
660 369
661 11
661 60
661 639
661 771
663 124
663 129
663 435
665 761
665 446
665 979
665 801
665 878
665 769
665 569
666 278
666 762
667 688
667 362
667 990
667 238
668 986
668 600
668 699
668 2
668 882
669 298
669 186
669 876
669 416
669 668
669 662
670 297
670 661
671 1011
671 943
671 159
672 944
672 690
672 177
672 2
672 177
673 11
673 191
673 825
674 554
674 296
674 583
675 398
675 379
675 380
675 395
676 33
676 514
676 937
676 748
677 211
677 804
677 441
677 103
677 933
678 283
678 261
678 647
678 308
678 931
678 183
678 601
678 565
679 440
679 277
679 263
679 114
679 566
680 186
680 148
680 972
680 332
680 473
681 217
681 100
681 778
682 742
682 997
682 331
682 1004
682 649
683 697
683 588
683 444
683 113
683 455
683 639
683 49
683 987
684 412
684 488
684 5
684 385
684 545
685 592
685 607
685 258
685 446
685 254
685 906
685 706
686 421
686 763
686 287
686 5
686 211
686 432
687 331
687 718
688 408
690 786
690 300
690 512
690 975
690 694
690 645
691 568
691 104
691 778
691 750
691 170
692 175
692 303
692 136
693 38
693 766
693 1013
693 907
693 874
693 768
693 352
694 484
694 983
694 509
694 825
694 143
694 622
694 761
694 978
695 452
695 140
695 430
695 774
695 10
696 427
696 818
696 67
697 250
697 455
697 379
697 607
697 320
697 990
698 2
698 916
698 292
698 196
698 325
699 589
699 882
699 849
700 122
700 474
700 904
700 154
700 827
701 679
701 604
701 674
701 635
702 295
702 845
702 405
702 433
702 793
702 516
703 204
703 853
703 651
704 469
704 768
704 751
704 749
704 665
704 256
704 726
705 63
705 514
705 611
706 350
706 907
706 111
706 503
706 697
706 121
707 820
707 713
707 20
708 859
708 117
708 201
708 764
708 903
708 484
708 269
708 585
709 102
709 14
710 8
710 629
711 171
711 1009
711 495
711 141
712 929
712 1023
712 270
712 667
712 356
712 868
712 934
712 677
712 626
713 487
713 945
713 418
714 1016
714 211
714 125
715 419
716 451
716 335
716 316
716 690
716 836
716 836
716 804
716 452
717 865
717 787
717 319
717 139
717 652
717 116
717 334
717 263
718 886
718 345
718 403
720 362
721 719
721 460
721 596
721 779
722 477
722 103
722 205
723 449
723 730
724 657
724 454
724 960
724 188
724 675
724 53
724 758
725 3
725 119
725 57
725 441
726 356
726 875
726 401
726 353
726 574
726 842
727 413
727 667
727 485
727 919
728 958
728 461
728 133
728 29
728 731
728 928
728 344
729 897
729 30
729 12
729 679
729 64
729 673
729 282
730 817
730 900
730 926
731 915
731 231
732 282
732 277
733 336
733 670
733 489
733 81
733 382
733 197
735 322
735 547
735 662
735 389
735 455
735 462
735 774
736 468
736 425
736 434
737 29
737 67
737 317
738 611
738 466
738 899
739 957
739 116
739 927
739 904
739 449
739 845
740 623
740 251
740 481
740 645
740 334
740 318
740 387
741 426
741 3
741 589
741 729
742 259
742 324
742 642
742 173
742 410
743 619
743 533
743 243
744 849
744 211
744 228
744 553
744 141
745 102
745 840
745 495
746 941
746 61
746 676
746 543
746 489
746 670
746 899
747 952
747 349
748 470
748 173
748 844
749 158
749 865
750 694
750 654
750 340
750 526
750 112
750 215
751 689
752 91
752 634
752 218
752 729
752 689
753 987
753 995
753 644
753 416
753 9
754 492
754 697
754 77
754 105
754 230
754 290
754 12
754 199
754 569
755 380
755 700
755 621
755 24
756 413
756 519
756 445
757 532
757 716
757 649
758 296
758 19
758 643
759 447
759 530
760 457
760 211
761 158
761 736
761 857
761 821
761 907
761 416
762 720
762 956
762 682
762 23
763 526
763 197
763 228
763 632
763 801
763 692
763 301
764 641
764 106
764 218
765 281
765 479
766 14
766 7
766 157
767 675
767 848
768 219
768 949
768 983
768 641
769 942
769 877
769 960
769 982
769 121
769 484
769 418
770 770
770 511
770 344
771 97
771 692
771 1011
771 733
771 109
771 167
771 883
771 50
772 973
772 448
772 736
772 363
773 37
773 177
773 820
773 16
773 724
773 412
774 67
774 898
774 637
775 460
775 412
775 664
775 934
776 368
776 976
776 652
777 222
777 479
777 183
777 549
777 573
777 823
777 1023
778 500
778 978
778 986
779 421
779 198
779 454
779 427
780 946
780 741
780 912
780 540
781 894
782 527
782 489
783 250
783 858
783 938
783 84
784 406
784 298
784 688
784 159
784 418
785 883
785 488
785 976
785 177
786 989
787 795
787 65
787 500
787 851
788 740
788 568
789 621
789 765
790 253
790 288
790 114
790 76
791 177
791 608
791 199
791 433
792 885
792 483
793 306
793 185
793 741
793 144
793 239
794 148
795 43
795 871
795 224
795 952
795 323
795 437
795 414
796 196
796 625
796 1014
796 881
797 54
797 507
797 208
797 797
797 80
798 680
798 373
798 540
798 303
799 1014
799 576
799 878
800 595
800 171
800 483
801 759
801 122
801 899
802 934
802 305
803 321
803 833
803 861
803 94
803 245
803 384
804 657
804 236
804 387
804 238
805 884
805 980
805 970
805 648
806 166
806 812
806 745
807 885
808 901
809 486
809 823
809 977
809 491
809 917
810 395
810 936
810 646
811 314
811 667
812 1014
812 506
813 189
813 323
814 585
814 140
815 301
815 135
815 862
815 840
816 167
817 808
817 971
817 217
817 343
818 805
818 617
818 820
818 577
819 551
819 127
819 979
819 947
819 944
820 893
820 829
820 554
820 702
820 870
821 47
821 921
821 385
821 706
822 88
822 344
822 1015
824 687
824 319
824 538
824 942
825 496
825 123
825 930
825 411
826 666
826 689
826 615
826 631
826 611
826 82
826 867
826 944
827 936
828 237
828 625
828 490
828 479
829 843
829 718
829 288
829 322
830 209
830 390
830 17
830 747
830 66
830 727
831 242
831 776
831 338
831 648
832 801
832 636
832 819
833 154
833 107
833 940
833 946
834 983
834 224
834 433
834 735
835 974
835 244
835 998
835 259
836 622
836 21
837 616
837 721
837 36
838 1004
838 847
838 692
838 770
838 544
838 219
839 451
839 284
839 715
839 430
839 167
839 698
840 56
840 652
840 533
841 6
841 658
841 475
841 757
841 624
841 11
842 213
842 43
842 349
842 684
843 318
843 723
843 524
843 430
843 739
844 962
844 998
845 30
845 650
846 476
846 194
846 877
846 809
847 691
847 849
847 594
847 233
847 608
847 769
848 277
848 392
848 658
848 308
849 497
849 527
849 93
849 528
849 663
850 143
850 392
850 964
850 755
850 206
850 318
851 632
851 1005
852 634
852 64
853 1007
853 531
853 792
853 670
853 363
854 597
854 950
854 669
854 447
854 905
855 634
855 101
855 920
856 759
856 565
856 292
856 793
857 589
857 30
857 924
858 491
858 514
858 705
858 760
858 800
859 566
859 430
859 390
859 560
859 766
860 580
860 343
860 816
860 272
861 41
862 858
862 676
862 362
862 211
863 901
863 403
863 789
864 480
864 107
864 376
864 760
865 737
865 206
865 20
865 346
866 210
866 502
866 646
866 81
866 665
866 227
866 810
867 948
867 831
867 1010
867 998
867 492
867 631
867 429
867 92
868 373
868 397
868 854
868 813
868 392
868 60
868 144
869 425
869 857
869 214
869 665
870 795
870 789
871 900
871 761
871 740
871 1
871 303
871 626
871 205
871 129
872 216
872 195
872 519
873 500
873 647
873 969
874 216
874 342
874 804
874 503
874 900
875 636
875 159
875 990
875 338
875 911
875 525
876 293
876 309
876 923
876 455
877 533
877 1002
877 219
877 230
877 934
878 42
878 900
878 382
879 324
879 95
879 580
879 916
880 469
880 1010
880 549
880 589
880 284
881 829
881 157
881 521
882 761
882 262
882 851
882 315
883 71
883 517
883 1000
883 833
883 974
883 402
883 945
884 48
884 352
884 618
884 182
884 769
885 588
885 856
885 747
885 1007
885 529
886 415
886 752
886 827
886 439
886 609
886 526
887 943
887 778
887 711
887 778
888 877
888 288
888 548
888 734
888 754
889 193
889 285
889 1019
889 583
890 356
890 764
890 636
890 423
890 58
891 141
891 504
891 850
891 316
891 905
891 763
891 533
891 115
892 648
892 68
892 599
892 644
893 303
893 625
893 897
893 730
893 47
893 119
893 231
893 460
894 601
894 992
894 600
894 995
894 974
894 121
895 299
895 802
895 988
895 1006
895 379
896 847
896 82
897 362
897 822
897 928
898 624
898 593
898 685
898 735
898 1006
898 533
898 652
898 356
899 20
899 858
899 4
899 284
900 879
900 696
900 399
900 286
900 213
901 513
901 791
901 940
901 1013
901 61
902 323
903 462
903 384
903 945
904 408
904 751
904 619
904 270
905 770
905 258
905 960
905 100
905 911
906 410
906 332
906 56
906 791
907 609
907 593
907 40
907 890
907 367
908 755
908 72
908 363
909 997
909 862
909 217
910 356
910 130
910 787
910 512
911 383
911 991
911 699
911 539
912 579
912 293
912 520
912 381
912 983
912 458
913 313
913 488
913 8
914 523
914 338
915 472
915 252
915 657
916 826
916 993
916 475
916 897
916 899
916 18
916 352
916 23
917 725
917 1012
917 181
917 297
918 312
918 853
918 96
918 911
918 548
918 526
919 242
919 49
919 762
919 908
920 114
921 419
921 874
922 969
922 265
923 651
923 217
923 604
923 867
923 154
923 407
924 95
924 206
924 242
924 879
925 474
925 143
925 25
925 811
926 889
926 679
926 282
926 430
927 952
928 707
928 215
928 869
929 102
929 117
929 87
929 979
929 319
930 285
930 370
931 779
931 100
931 931
931 773
931 308
932 614
932 830
933 56
933 153
933 444
933 993
934 422
934 251
934 47
934 247
934 855
934 584
935 779
935 845
935 950
935 462
935 906
936 443
936 66
936 128
936 745
936 595
936 356
937 65
937 727
938 890
938 30
938 601
938 786
939 901
939 994
939 168
940 459
940 553
940 179
940 118
940 519
941 195
941 870
941 71
942 840
942 747
942 200
942 991
942 362
943 237
943 279
943 899
943 205
943 580
943 904
944 189
944 76
944 525
944 79
944 861
944 721
945 1013
945 469
945 490
945 851
946 256
946 357
946 138
946 98
946 788
947 201
947 293
947 769
948 189
948 314
948 131
949 690
949 22
949 97
949 913
949 559
949 231
950 471
950 529
951 415
951 501
951 850
951 874
952 313
952 285
953 46
953 755
953 208
953 119
954 806
954 907
955 223
955 289
955 97
955 538
955 128
955 115
956 154
956 603
956 973
957 707
957 590
957 113
957 446
957 172
957 307
957 689
958 267
958 295
958 435
958 893
959 938
959 133
959 788
959 929
959 913
960 788
960 1
961 427
961 1012
961 964
961 859
961 587
961 518
961 563
961 903
961 859
961 232
962 800
962 445
962 351
962 432
963 950
963 606
963 894
963 608
964 790
964 358
964 486
964 309
964 507
964 988
964 246
964 912
965 326
965 281
965 785
966 116
966 208
967 164
967 94
967 504
967 50
968 983
968 777
969 131
969 577
969 900
970 46
970 769
970 577
970 543
971 527
971 270
971 584
972 762
972 785
973 906
973 668
973 222
974 140
975 1013
975 748
975 414
975 36
976 326
976 486
977 223
977 728
977 284
977 458
978 322
978 557
979 863
979 475
979 33
979 871
979 342
979 800
979 666
979 676
980 487
980 861
980 1000
980 465
981 915
981 599
981 483
982 132
982 976
982 977
982 546
983 904
983 483
983 42
983 570
983 528
983 715
983 560
984 516
985 4
985 988
985 402
985 78
986 699
986 648
986 500
986 632
986 9
987 966
987 454
988 813
988 484
988 122
988 605
989 285
989 927
989 542
989 936
989 455
989 498
989 353
989 559
990 830
991 116
991 403
991 711
991 585
991 149
992 578
992 957
992 53
993 185
993 921
993 405
993 274
994 404
994 511
994 679
994 508
994 791
994 455
995 24
995 557
995 877
995 496
995 147
996 229
996 790
996 179
996 614
997 973
997 48
997 538
997 247
998 755
998 231
998 637
998 729
998 284
998 262
998 334
999 435
999 312
999 909
999 163
999 578
999 36
1000 79
1000 772
1001 212
1001 713
1001 923
1002 257
1002 488
1003 984
1004 232
1004 434
1005 145
1005 287
1005 992
1005 255
1005 548
1005 796
1005 156
1005 200
1005 378
1005 849
1006 56
1006 334
1006 910
1007 175
1007 508
1007 507
1008 331
1009 938
1009 432
1009 463
1010 456
1010 520
1010 140
1010 793
1011 480
1011 299
1011 327
1011 633
1011 292
1012 250
1012 782
1012 788
1013 188
1013 282
1013 460
1013 601
1013 152
1013 530
1014 435
1014 605
1014 691
1015 28
1015 924
1015 608
1016 73
1016 740
1016 86
1016 975
1016 505
1017 611
1017 571
1017 77
1017 796
1018 844
1018 667
1018 210
1018 217
1018 311
1019 468
1019 211
1019 593
1019 846
1019 975
1019 999
1020 618
1020 320
1020 760
1020 282
1020 332
1020 996
1021 743
1021 781
1021 949
1021 995
1021 112
1021 762
1022 148
1022 131
