128 511 -1
0 23
0 29
0 31
0 92
1 103
1 63
1 87
1 29
1 71
1 35
1 96
1 49
1 103
2 126
2 98
2 17
3 3
3 64
3 29
3 24
3 8
3 13
3 56
4 103
4 79
4 109
4 59
4 87
5 40
5 35
5 127
6 127
6 112
6 54
6 47
7 1
7 21
7 43
7 122
8 41
8 69
8 99
8 110
8 121
9 120
9 61
9 81
9 49
9 118
10 5
10 105
10 106
10 16
10 37
11 80
11 10
11 71
11 46
12 53
12 58
12 108
12 65
13 11
13 11
13 106
13 82
14 57
14 33
15 126
15 117
15 41
15 1
15 50
16 52
16 113
16 72
17 116
17 3
17 95
17 3
17 61
17 23
17 28
20 93
20 86
20 114
20 39
20 10
20 107
20 62
21 76
21 66
22 48
22 4
22 79
22 48
22 16
22 65
22 97
22 17
23 119
23 53
23 89
23 14
23 73
23 90
23 93
24 19
24 77
24 43
24 12
24 9
24 70
25 1
25 50
26 36
26 43
26 107
26 80
26 35
27 9
27 8
27 109
28 92
28 35
28 39
28 17
28 81
28 39
29 67
30 86
30 8
30 51
31 98
31 29
33 84
33 81
33 105
34 8
34 116
34 5
35 110
35 53
35 14
35 86
36 105
37 122
37 58
37 88
37 39
37 125
38 81
38 64
38 24
38 73
39 109
39 123
39 61
39 80
39 127
40 64
41 53
41 52
41 57
42 106
42 9
42 70
42 118
42 118
42 119
43 86
43 64
43 91
43 14
43 46
43 6
43 65
44 104
44 69
45 8
45 35
45 120
45 89
45 105
45 41
46 94
46 27
46 76
46 88
46 105
46 91
46 41
47 115
47 16
47 86
47 58
47 125
47 26
47 15
48 22
48 73
48 1
49 45
49 120
49 56
50 35
50 8
50 84
50 82
50 85
50 89
51 26
51 2
51 16
52 126
52 14
52 30
52 17
52 95
52 113
52 106
53 55
53 95
53 72
53 39
53 43
53 27
54 123
54 118
54 99
54 54
54 96
54 88
55 111
55 38
55 20
55 35
56 86
56 85
57 80
57 102
58 96
59 11
60 98
60 105
60 116
61 97
61 114
61 21
61 33
62 5
62 56
63 86
64 45
64 99
64 40
65 91
65 78
66 42
66 11
66 82
66 50
67 97
67 45
67 71
67 62
68 44
68 89
68 66
68 67
69 32
69 107
69 50
69 69
69 62
70 39
70 115
70 99
70 99
71 51
71 58
71 11
71 126
71 122
72 55
72 22
72 66
72 99
72 54
72 28
73 95
73 61
73 83
74 5
74 77
74 98
74 4
74 57
74 103
74 7
74 45
75 115
75 17
75 59
76 76
76 3
77 45
77 7
77 88
77 8
78 107
78 103
79 113
79 6
79 94
80 108
80 117
80 18
80 26
80 118
81 16
81 84
81 124
81 29
82 55
82 118
82 30
82 43
82 33
82 29
82 11
83 10
83 58
84 96
84 24
84 114
85 7
85 124
85 101
85 117
85 14
86 20
86 14
87 90
87 43
87 30
87 21
88 20
88 74
89 15
89 47
90 96
91 101
91 47
91 5
92 27
92 65
92 104
92 34
92 121
92 12
92 118
93 5
93 87
94 115
94 126
94 94
94 2
95 20
95 89
95 70
96 110
97 17
98 33
98 25
98 101
98 67
98 85
99 115
99 121
99 16
99 96
100 35
100 81
100 96
100 57
100 10
101 1
101 59
101 64
101 127
101 29
101 73
101 69
101 3
101 99
102 85
102 87
102 58
102 101
102 100
103 99
103 36
103 112
103 122
104 106
104 27
104 8
104 40
104 54
105 123
105 59
105 26
105 72
106 82
106 70
106 35
106 115
106 116
106 2
106 13
107 80
107 85
107 77
108 86
108 100
109 77
109 103
109 71
109 61
109 95
110 83
110 16
110 27
110 54
110 41
111 85
111 58
111 115
111 13
112 2
113 10
113 111
113 124
113 119
113 7
113 17
113 79
113 124
114 24
114 61
114 43
114 109
115 21
115 112
115 94
115 72
115 60
116 51
116 118
116 96
117 79
117 78
117 126
118 127
118 103
118 117
118 78
118 23
118 97
118 124
118 108
118 72
119 104
119 93
119 47
119 78
119 25
120 13
120 59
120 114
120 25
120 74
121 104
121 6
121 19
122 45
122 97
122 99
122 71
122 60
122 46
122 26
122 29
123 2
123 15
123 101
123 86
123 3
123 46
124 115
124 53
124 94
124 58
124 5
125 123
125 23
125 98
125 124
126 86
126 2
