2048 8191 -1
0 260
0 297
1 1285
1 984
1 1428
1 341
1 1385
2 1106
2 1830
2 1814
3 1196
3 20
3 1478
3 510
3 1284
3 2039
3 1966
3 1920
4 1220
4 210
4 743
4 1818
5 1796
5 1474
5 853
6 1783
6 1384
6 198
6 63
6 1829
6 1645
7 374
7 702
7 878
7 399
7 207
8 430
8 824
8 422
8 567
9 1554
10 298
10 107
10 1447
10 579
11 1748
11 1480
11 162
11 1851
11 1346
12 1356
12 98
12 1634
12 1238
12 527
12 1746
13 865
13 2042
13 519
14 1846
15 917
15 762
15 596
15 168
15 1341
16 335
16 1196
16 1291
17 1482
17 657
17 153
18 1482
18 1810
18 279
18 1829
19 1023
19 1130
19 344
19 730
20 813
20 908
20 207
20 527
20 1563
21 1547
21 1330
21 295
21 217
21 33
22 630
22 2030
22 1481
22 1509
23 30
23 1239
23 578
23 670
23 593
23 1054
24 401
24 1787
24 1752
24 1918
24 1868
25 1476
25 532
25 1433
25 1601
25 1469
25 1612
26 1471
26 1321
26 1649
26 675
26 449
27 668
27 1310
27 422
27 1797
28 1074
28 621
28 273
28 370
28 789
28 419
28 1919
29 2009
29 293
29 300
30 1968
30 796
30 5
30 1924
30 1958
31 1009
31 1456
31 1110
31 480
31 124
32 1062
32 1309
32 1632
32 578
32 1893
33 600
33 1905
33 860
33 930
34 989
34 964
34 1134
34 799
34 776
34 1308
34 1868
35 120
35 1382
35 1133
35 633
35 1211
35 1484
37 511
37 1380
37 1750
38 133
38 873
40 530
40 386
41 45
41 39
42 1707
42 928
42 63
43 703
43 915
44 1592
44 453
45 1295
45 317
45 1213
45 1335
45 1410
45 85
45 73
46 1636
46 915
46 1874
46 1270
47 1072
47 1074
47 1570
47 552
47 920
47 611
47 1703
47 286
47 1397
47 471
47 1165
47 548
48 1332
49 251
49 1758
49 7
50 1602
50 539
50 812
51 1380
51 18
52 1148
52 148
52 1598
53 2000
53 1238
53 1976
53 235
53 603
53 19
54 35
54 1393
54 1949
54 1984
55 84
55 1534
55 1801
55 974
55 1758
55 1370
55 1419
56 132
56 1529
56 499
56 73
56 1799
56 798
56 1683
57 2013
57 1126
57 685
57 414
57 1274
58 372
58 1880
58 1809
58 1998
58 618
58 2041
58 814
58 1986
59 280
59 1579
59 1008
60 991
61 1976
61 1099
61 370
61 131
62 1089
62 1052
62 627
62 2033
63 1818
63 466
63 831
63 636
64 817
64 832
65 225
66 1560
66 939
67 649
67 1160
67 1906
68 512
68 1724
68 492
68 1518
68 1376
68 79
69 592
69 1714
69 783
69 1827
69 980
69 665
70 1862
70 1484
70 325
71 747
71 862
71 1440
72 1623
72 1386
72 547
72 68
73 1771
73 1007
73 1427
73 1130
73 829
73 244
74 224
74 290
74 454
75 108
75 390
75 717
75 1088
76 470
76 242
77 1316
78 1996
78 419
79 367
79 1293
79 1741
80 907
80 2047
80 862
80 1783
80 113
80 1703
81 434
81 1298
82 30
82 789
82 1622
82 251
82 1724
82 1814
83 774
83 1032
84 2014
84 266
84 1891
84 1574
84 783
84 95
84 199
84 1125
85 1041
85 577
85 350
85 918
85 511
85 1867
86 700
86 279
86 281
86 556
86 851
87 229
87 151
87 1524
87 30
87 1596
87 398
87 635
88 828
88 1019
88 2036
88 1293
89 487
89 1040
89 108
89 1440
89 550
90 435
90 1216
90 1087
90 846
90 792
90 1165
90 466
90 1493
90 644
90 172
90 662
90 1535
90 1125
91 466
91 324
91 1849
91 1992
91 1359
91 1927
92 1426
93 641
93 1700
94 1481
94 1593
94 1974
94 435
95 169
95 1050
95 1958
95 88
96 775
96 1291
96 1940
97 71
98 1055
98 1222
98 1137
98 1071
98 958
98 433
98 1009
99 1138
99 601
99 290
100 1810
100 1550
100 463
101 1192
101 480
101 820
102 1240
102 834
102 207
103 1822
103 978
103 1330
104 1036
106 760
106 674
106 1407
108 312
108 1130
108 1644
109 1901
109 1728
109 1206
109 967
110 1374
110 665
110 672
110 577
110 372
110 626
111 1496
111 1522
111 760
111 1316
112 1113
113 1852
113 1005
113 1575
113 834
113 1415
113 2001
113 346
114 1093
115 11
115 1767
115 691
115 352
115 828
115 1243
116 347
116 173
116 372
116 1983
117 1586
117 1213
118 7
120 498
120 304
120 990
120 122
121 1737
121 704
121 53
121 879
121 1397
122 1867
122 459
122 347
122 673
122 1746
123 33
123 1800
123 521
123 471
124 721
124 806
124 1415
124 458
124 1156
124 1082
124 603
125 1041
125 181
125 916
125 1731
125 1459
125 207
125 1404
126 1958
126 116
126 222
127 390
127 532
128 156
128 338
128 941
128 430
128 1863
129 1736
129 1367
129 1426
129 1936
130 1156
130 1160
130 704
131 1959
131 1984
131 1228
131 1417
131 373
131 1793
131 1406
131 2046
132 1201
133 1111
133 1733
133 697
133 1815
133 1198
133 680
133 642
133 323
134 1230
134 1254
135 678
135 1874
135 1440
136 73
137 830
137 1465
137 1304
137 1142
137 132
137 422
138 241
138 1022
138 682
138 1300
138 1279
139 1768
139 1593
139 1758
139 2023
139 420
139 482
139 1928
139 57
139 708
139 1691
139 403
140 1413
140 79
140 54
140 1528
140 37
141 1739
141 481
141 825
141 1068
142 321
142 1878
142 53
143 852
143 395
143 409
143 972
143 1595
143 286
143 1145
143 78
143 1019
144 1821
144 554
144 42
144 1503
144 167
144 897
145 398
145 1477
145 565
145 161
145 684
145 901
145 1678
146 1331
146 136
146 667
146 537
146 1650
146 1159
146 761
146 1254
147 81
147 789
148 890
149 1543
149 1009
149 664
150 1481
150 1749
150 1613
150 80
151 1324
151 634
151 83
151 1180
152 1094
152 1411
153 762
153 973
154 792
154 563
155 1581
155 1450
155 45
155 1142
155 1750
156 1155
156 149
156 135
156 1197
156 1463
157 777
157 1650
157 1903
157 1595
157 6
157 2040
158 1047
158 1891
158 1055
158 1690
158 1906
158 465
159 1403
159 927
159 1623
159 1872
160 395
160 1524
161 1328
162 1629
162 1266
162 490
162 790
162 690
163 1195
163 1305
163 601
163 1405
164 1785
164 709
164 805
164 1236
164 1238
165 1671
165 170
165 806
165 1557
165 638
166 1245
166 2036
166 1611
166 676
167 957
168 1782
168 1474
168 172
168 1524
168 1001
168 945
169 841
170 1489
170 1830
170 378
170 133
170 1610
170 652
170 863
171 809
171 741
171 1412
171 1214
171 1980
172 1521
172 684
172 2032
173 1171
173 1122
173 1207
173 1250
173 162
173 1398
173 1771
173 509
173 736
175 1924
175 665
175 558
175 283
176 1673
176 1225
176 1967
176 693
176 1546
176 1687
176 103
176 1718
176 361
177 726
177 1690
177 349
178 39
178 1589
178 78
178 1577
178 1652
178 2045
179 1926
179 1560
179 999
180 398
180 100
180 1598
180 1574
181 455
181 1797
181 1017
182 442
182 988
182 1917
182 1781
182 499
182 297
183 30
183 1756
183 1790
184 1484
184 339
184 1716
184 1392
185 1570
185 1784
185 202
185 1384
185 1726
185 461
186 9
186 1196
186 1114
187 1743
187 496
187 1475
187 1951
188 1375
188 364
188 289
188 512
189 1708
189 1772
189 212
189 1849
190 1883
190 366
190 1692
190 91
191 368
191 1846
191 1597
191 1241
191 207
191 1296
192 1158
192 884
193 1937
193 679
193 1389
193 1081
193 868
193 1841
193 975
194 760
194 392
194 1644
195 1338
195 1917
195 1016
195 1063
195 1029
195 773
195 1831
195 1194
196 913
196 1345
196 84
196 1934
197 132
197 610
197 937
197 1307
197 663
197 725
198 142
199 1163
199 793
199 1144
199 687
199 822
199 1970
199 26
199 42
199 1244
199 965
200 2047
200 23
200 280
200 1231
200 1920
200 1304
201 1327
201 437
201 3
202 1020
202 1121
203 1837
203 1864
204 1674
204 1431
204 588
204 1623
205 1714
205 793
205 1036
206 75
206 667
207 750
207 524
207 1616
208 750
208 1835
208 296
208 1056
208 1465
208 1329
208 1952
208 334
209 39
210 324
210 1390
211 909
211 1505
211 353
211 302
211 49
211 1977
211 391
212 991
212 226
212 55
212 978
212 345
213 932
213 976
213 1012
214 1060
214 636
214 726
215 913
215 1371
215 475
215 1246
215 1551
215 1263
216 476
216 1447
217 88
217 2005
217 1412
218 1971
218 425
218 1516
219 1839
219 1146
219 5
219 1251
219 1353
220 1090
220 240
220 256
220 1717
221 962
221 1967
221 192
222 416
222 350
222 1695
222 1082
222 23
222 361
222 618
223 14
223 567
223 17
224 1753
224 1371
224 1160
224 1511
224 1341
224 1706
224 641
225 959
225 915
225 898
225 1716
226 1774
226 1078
226 1007
227 288
227 1405
227 215
227 1400
227 1681
228 130
228 1173
228 281
228 233
230 346
230 1871
230 155
230 1598
230 1903
230 1792
230 39
230 340
231 1472
231 1069
231 514
231 1576
232 1782
232 352
232 620
232 1913
233 353
233 1783
233 1181
233 365
234 153
234 1282
234 523
234 994
234 398
235 129
235 2016
236 364
236 194
236 604
236 64
236 222
236 1497
236 1069
236 67
237 88
237 1723
237 809
237 280
237 964
237 970
238 494
238 1438
238 376
238 262
238 1437
238 138
239 1548
239 773
239 628
239 2034
239 1582
239 931
240 1691
240 1867
240 553
240 954
240 1782
241 460
241 361
241 651
241 459
241 1891
241 804
241 73
242 951
242 747
242 474
243 656
243 1546
243 1351
243 1129
243 425
243 702
243 1838
243 238
244 296
245 1627
245 1352
245 585
245 735
245 1067
246 1957
247 1238
247 783
247 1064
247 336
248 1457
248 1651
248 1857
249 1391
249 856
249 776
249 1111
249 800
249 973
250 1638
250 742
250 1270
250 1581
250 1568
250 150
251 508
251 1971
251 873
252 767
252 1725
252 795
252 1325
253 1889
253 424
253 2008
253 787
253 1291
253 935
254 458
254 1379
254 732
254 574
254 1493
254 1703
255 1916
255 129
255 1326
255 291
255 1255
256 479
256 988
256 1934
256 577
257 1604
257 1875
257 1125
257 830
258 163
258 717
258 1563
259 702
259 208
259 1920
259 1694
259 1992
259 1830
260 636
260 1078
260 955
260 1167
260 1438
260 1707
261 51
261 800
261 1696
261 1891
262 1514
263 963
264 300
264 646
264 1976
264 617
264 403
264 245
264 417
264 79
265 297
265 1104
265 850
265 1915
266 1090
266 1452
266 1378
266 305
266 821
267 1094
267 1281
267 1373
267 1584
268 1218
268 564
268 1848
268 907
268 1032
269 2019
269 556
269 160
269 1146
270 984
270 1492
270 1571
270 428
270 1913
271 2012
271 1957
271 699
271 1669
271 1208
272 549
272 140
272 1063
273 1893
273 1053
275 30
275 1004
275 638
276 1418
276 1333
276 1370
277 2012
277 1613
277 170
277 1620
277 28
277 759
277 760
280 793
280 1509
280 1057
280 1310
280 1289
280 501
281 383
281 1646
282 2030
283 1076
283 2002
283 1567
283 1776
284 1636
284 312
284 476
284 829
284 606
284 1360
284 250
284 319
285 170
285 1677
285 165
286 1209
286 1879
286 1496
286 1090
286 697
286 1790
286 407
286 197
287 1392
287 1362
287 1601
287 1251
287 723
288 1449
288 737
289 1440
290 899
290 690
290 1065
290 732
291 1573
292 101
292 1723
292 235
292 1025
293 115
294 527
295 1445
295 618
295 309
295 689
295 839
295 2020
295 1468
295 1278
296 1327
296 2012
296 609
296 255
297 187
297 1399
297 1326
298 822
299 986
299 628
299 1663
299 1588
299 888
300 1259
300 1310
300 1975
300 1672
300 673
300 1475
301 226
301 981
301 1860
302 809
302 36
302 1405
302 1397
302 366
302 1985
303 1188
303 852
303 96
303 1601
303 1434
303 1128
303 1862
304 143
304 615
304 485
304 715
304 1667
305 1471
305 417
305 1460
305 1339
305 1822
305 485
306 1050
306 1439
307 656
307 990
307 1347
308 1728
308 1068
308 598
308 1477
308 1146
309 473
309 1560
309 444
309 533
309 1574
310 458
310 483
310 840
310 1401
310 1754
310 1432
310 1405
311 248
311 720
311 1696
312 1853
312 1824
313 650
313 1382
313 627
314 1512
314 809
314 1968
315 1178
315 1089
315 1965
315 1089
315 1157
315 423
315 49
315 875
316 1973
317 1822
317 373
317 1978
317 1574
318 1534
318 174
319 96
319 206
319 139
319 1723
319 1547
320 616
320 108
320 108
320 2
320 1742
320 1657
321 35
321 1391
321 707
321 1688
322 1317
323 1119
323 384
324 1772
324 542
324 840
324 1410
325 1894
325 1882
325 1867
326 884
326 839
327 425
327 1287
328 520
328 1209
328 217
329 694
329 1081
329 561
329 1201
330 1219
330 656
330 378
331 1704
331 545
331 1688
331 1175
332 271
332 1371
332 1318
332 168
332 87
333 1606
333 337
333 862
333 682
333 1677
333 1263
334 1143
334 1537
334 1131
334 1942
334 704
334 1572
335 572
335 1252
335 1464
335 748
335 1421
336 1015
336 81
336 474
336 607
336 937
337 1832
337 1856
337 649
337 1866
337 1351
337 1365
338 1076
338 247
338 1845
338 1837
339 1656
339 336
339 1480
339 1448
339 1578
340 1076
340 641
341 1612
341 191
341 789
341 1772
341 156
342 392
342 2033
343 162
343 1080
343 757
343 248
343 517
344 341
344 1989
344 12
344 327
344 1116
344 1655
344 523
345 1561
345 1982
345 2034
346 189
346 979
346 1587
346 1525
347 832
347 86
347 595
348 1906
348 798
349 1135
349 163
349 1147
349 231
350 1819
351 1948
351 996
351 1039
351 2030
351 653
352 1323
352 1565
352 1416
352 1833
353 67
353 2043
353 60
353 668
353 1256
355 1927
355 550
355 798
355 1615
355 713
356 1125
356 65
356 1830
356 1806
356 11
357 1655
357 1824
358 1089
359 599
359 760
359 1003
359 1715
359 554
360 30
360 1078
360 2002
360 504
360 552
360 146
360 1845
361 796
361 1079
361 556
361 1931
361 525
361 771
362 6
362 1485
362 665
362 1456
362 1341
363 1522
363 165
363 1638
363 1492
363 464
364 1718
364 929
364 1889
364 617
364 144
365 694
365 894
365 1587
365 2009
366 475
366 673
366 1230
367 586
367 1700
367 1504
368 1493
368 710
368 1468
368 1648
368 861
368 1494
368 324
368 135
369 1672
369 1171
369 1913
369 215
369 25
371 170
371 1984
371 1743
372 964
372 709
372 1563
372 1711
372 1823
372 1643
373 212
373 1577
374 1601
374 1807
374 1544
375 42
376 901
376 1218
376 1192
376 1941
376 785
377 1059
377 228
377 1182
377 1885
378 988
378 964
378 64
378 1901
379 249
379 818
379 631
380 1412
380 1346
380 1894
380 603
380 1412
380 1953
381 1956
381 726
381 1449
381 1324
381 687
382 429
382 1441
382 791
382 1798
382 1051
383 342
383 1276
383 144
384 1659
384 987
384 1322
385 1800
385 1852
385 1078
385 1555
387 234
387 517
387 1442
388 579
389 521
389 552
389 1833
389 1478
391 319
391 969
392 1971
392 1830
392 370
392 251
392 1562
392 1386
392 829
392 555
393 746
393 1314
393 1194
393 753
393 597
393 850
393 1559
393 1223
393 938
394 2015
394 1442
394 10
394 1108
394 1903
394 1273
395 407
395 1076
395 351
395 1459
395 1266
395 1700
396 841
396 822
396 634
396 1156
396 745
396 1051
396 525
397 1918
397 202
397 4
397 1605
398 171
398 543
398 1167
399 1111
399 606
400 157
400 1396
401 1308
402 1534
402 646
402 631
402 1491
403 1107
403 298
403 611
404 354
404 1791
405 1132
405 981
405 1782
406 47
406 902
406 1461
406 1869
407 484
407 79
407 223
408 676
408 1349
408 284
408 1492
408 601
408 1528
408 10
409 407
409 1925
409 1203
410 1769
410 245
410 1171
410 52
410 539
410 1473
411 893
412 166
412 801
413 1211
413 929
413 1322
414 392
414 79
414 223
415 1537
415 1250
415 550
415 738
416 1250
416 1080
416 34
416 1708
417 1490
417 756
417 1554
417 970
418 745
418 557
418 898
418 654
419 885
419 96
419 1080
419 1466
420 727
420 605
420 507
420 1110
421 1652
421 947
421 1857
421 128
421 1999
422 1361
422 956
422 950
422 568
422 1452
422 2016
422 1497
423 522
423 643
423 2008
423 101
423 1659
423 1563
423 1493
424 174
424 652
424 998
424 713
424 1563
424 46
425 416
425 644
425 1125
425 938
426 1377
426 681
426 216
426 1309
426 1953
426 702
426 554
426 1737
427 379
427 1556
427 474
428 992
428 422
429 3
429 235
430 1937
430 412
431 1081
431 768
431 554
432 475
432 1621
433 1004
433 2001
433 1499
434 1013
434 1821
434 133
434 1698
434 325
435 274
435 318
435 1324
435 1239
435 1575
436 829
436 1516
436 247
436 528
436 1429
437 1430
437 795
437 1453
437 908
437 793
438 197
438 1285
438 1093
439 671
439 780
440 1845
440 554
440 644
441 1607
441 1334
441 214
441 1287
442 1304
442 314
442 120
442 1503
442 1017
442 1954
442 674
442 59
442 828
443 365
443 1781
443 1591
443 1097
444 1896
444 1324
444 1863
445 1471
445 264
445 1715
446 1
446 1974
446 1667
447 228
448 1801
448 1554
448 182
449 117
450 1053
450 1901
450 970
450 1109
451 161
451 494
451 1785
452 1823
452 1587
452 159
452 1076
452 1553
452 1633
453 94
453 232
454 1908
455 1653
455 1832
455 459
455 853
455 1962
455 490
456 591
456 1310
457 1444
457 441
458 308
458 71
458 1795
459 1527
460 1065
460 1491
460 363
460 597
460 1089
461 103
461 597
461 25
461 1621
461 642
462 1237
462 1957
462 1931
463 162
463 463
464 1023
464 72
464 746
464 549
464 1229
464 1671
464 983
464 1415
465 2004
465 1860
465 775
466 1074
466 728
466 1913
466 1248
467 1593
467 1065
467 732
467 1843
467 430
467 1763
468 988
468 1727
468 480
468 1173
468 15
469 953
469 1512
469 289
469 1490
469 416
470 887
470 109
470 871
471 1599
472 424
472 326
472 1073
472 1601
473 574
473 236
473 1518
473 707
473 1969
473 1753
474 1709
474 824
474 1388
475 1794
476 191
476 1320
476 1115
477 722
477 1224
478 686
478 1009
478 1368
478 1609
479 743
479 739
479 1652
479 1630
479 332
480 1631
480 1550
480 258
480 538
480 1743
480 1647
480 1974
481 51
481 1963
481 905
482 627
483 814
483 1728
483 1416
483 1449
483 233
484 897
484 237
484 78
485 1918
485 1212
485 1669
485 352
486 1589
486 298
486 843
487 1755
487 654
487 1562
487 1328
488 2025
489 626
489 1930
489 583
490 137
490 1026
490 781
490 1108
491 1775
491 981
492 1186
492 2005
492 1176
493 1117
493 1058
494 1048
494 657
494 365
494 919
494 141
495 715
495 1548
495 25
495 1697
495 1605
495 1684
496 455
496 2046
497 1698
497 1008
497 1530
497 470
497 336
497 652
498 1512
498 1205
498 1915
498 1701
498 1477
498 1218
498 590
498 1564
499 46
499 567
499 487
499 1511
499 1156
499 1188
500 656
500 820
501 711
501 1273
501 1498
502 1505
502 314
502 1859
502 1810
502 318
502 1114
502 1551
502 57
503 1016
504 1518
504 149
504 1580
505 420
505 1723
505 909
505 820
505 416
505 1257
505 1649
506 1065
506 261
506 662
506 645
506 1665
507 840
507 194
507 369
507 817
508 604
508 1546
508 1300
509 1757
509 810
509 1415
510 462
510 1411
510 1607
511 1068
511 1720
511 1462
511 1619
511 1966
512 1076
512 605
512 945
513 597
513 1463
513 717
514 78
514 1553
514 137
514 622
514 589
515 1359
515 1351
515 497
516 397
516 1310
516 985
516 1695
516 394
517 1746
517 1243
517 385
517 400
517 326
517 345
517 491
517 823
518 1635
518 244
518 1989
518 869
518 1732
519 1856
519 706
520 1540
520 1789
521 1418
521 1255
521 1298
522 1970
522 1118
523 1297
523 1421
523 1096
523 526
524 1921
524 772
525 457
525 1756
525 1908
525 501
526 336
526 591
526 1472
527 954
527 451
528 1293
528 1996
528 920
529 1588
529 574
529 69
529 407
529 1573
530 415
530 1880
530 1248
530 1811
530 825
531 180
531 756
532 527
532 1487
532 1606
532 1519
532 118
533 259
533 1710
533 1323
534 653
534 1153
534 1055
534 1514
535 1554
535 1203
535 1746
535 777
535 1956
535 1314
536 611
536 445
536 372
536 1460
536 668
537 295
538 302
538 1107
539 1325
539 464
539 1432
539 1098
539 1846
539 1770
540 1267
540 1265
541 524
541 488
541 742
541 898
541 1780
541 153
542 611
542 1162
542 787
542 1078
543 79
543 2038
543 94
543 819
543 1649
543 453
543 271
544 1970
544 1691
544 27
544 1725
544 1553
544 1769
544 1263
544 1624
544 452
544 1846
545 1001
545 1132
545 264
545 1222
545 939
545 1991
546 1814
546 5
546 516
546 1181
546 1193
546 1473
546 1449
546 1604
546 637
547 1553
547 283
547 808
548 1942
549 1070
549 623
550 1405
550 229
550 1390
551 485
551 776
551 1301
552 1242
552 413
552 667
552 641
552 81
553 464
553 1652
554 353
554 1082
554 1114
554 56
555 1487
555 1545
555 952
555 628
555 117
556 789
556 353
557 1496
557 1520
557 1282
557 508
557 1817
557 1586
557 1093
558 607
558 875
558 1239
558 774
558 1494
558 1005
559 964
559 1794
559 1160
560 437
560 1791
560 810
560 388
561 1954
561 506
561 1552
561 1409
561 570
562 498
562 1867
562 1071
562 1637
563 1860
563 1045
563 1755
563 1037
564 65
564 339
564 1493
564 1007
564 1685
564 996
564 398
565 1255
565 1462
565 619
565 1671
566 1383
566 942
566 1325
567 154
567 713
567 908
567 1289
567 767
568 1735
568 817
568 827
568 916
569 1035
569 180
569 1690
569 547
569 1282
570 641
570 2045
570 893
571 1161
571 2011
571 950
571 499
571 66
571 908
571 242
572 160
572 194
572 1921
573 1515
573 1645
573 404
573 48
574 1380
574 232
574 174
575 765
575 807
575 1883
577 2028
577 475
577 342
577 519
578 1064
578 1159
578 599
578 1914
578 372
578 1008
579 1993
579 906
581 657
581 1159
582 582
582 141
582 1249
582 1610
582 1425
583 1418
583 1552
583 713
583 1515
584 77
584 2037
584 1980
584 1867
585 103
585 1797
585 359
585 829
586 767
586 1087
587 622
587 1945
588 1239
588 398
588 772
588 153
588 802
589 940
589 1179
589 517
590 559
590 466
590 1029
591 29
591 66
592 1423
592 508
593 1374
593 1307
594 1122
594 2031
594 1853
594 664
595 1543
595 835
595 614
596 104
597 798
597 133
597 1450
597 1303
598 1656
598 776
598 1270
598 1216
598 334
598 1907
598 1444
599 1086
599 1433
599 673
599 1914
599 232
600 1775
600 1846
600 1754
600 1887
600 138
601 1431
601 1416
601 1749
602 74
602 287
602 921
602 1274
602 426
603 1045
603 591
603 450
603 410
603 361
603 658
603 1859
604 1644
605 1845
605 1386
605 1128
606 1229
606 1371
606 753
606 305
606 392
606 415
607 18
607 812
607 516
607 719
608 1356
608 148
608 1372
609 261
609 442
609 1600
609 1743
609 580
609 1930
609 1514
609 1173
609 333
610 1837
610 272
610 21
610 881
611 202
611 1678
611 1022
611 846
612 445
612 1700
612 590
612 858
612 1095
612 432
612 1605
612 2009
612 299
612 1926
613 1570
613 1123
613 1059
613 1847
613 1292
613 129
614 741
614 270
614 69
614 31
614 1092
614 1139
614 503
615 874
615 970
615 1847
615 1880
616 722
616 253
616 1390
616 1363
616 1083
616 202
617 1676
617 977
617 405
618 1263
618 425
618 808
619 506
619 387
619 649
619 560
620 148
620 1772
621 1710
621 656
621 1982
622 1088
622 1594
622 1860
622 1558
623 1865
623 1088
623 93
623 645
624 1800
624 760
624 1642
625 1736
625 443
625 1129
625 423
625 953
625 1660
625 1401
625 44
626 1962
626 398
626 1854
626 1786
626 1481
627 290
627 1098
627 1436
627 341
627 1195
628 1013
628 1149
628 1680
628 1966
628 212
629 1577
629 427
629 310
630 483
630 1411
630 443
630 1379
630 1600
630 982
630 326
630 1581
630 1054
631 113
631 1207
631 347
632 791
632 1092
632 367
633 539
633 9
633 506
634 1904
634 272
634 638
634 1978
635 1147
635 164
635 1810
635 1115
635 991
635 1601
635 1226
636 255
636 1026
636 992
636 1367
637 1755
637 574
637 1412
637 1970
637 2003
638 676
638 832
638 1222
638 1580
638 1601
639 369
639 1428
640 1201
640 409
640 242
641 1540
641 371
641 979
641 938
641 569
641 1382
641 1997
642 885
642 1074
643 559
643 222
643 1894
643 600
643 559
643 1834
643 437
644 416
644 689
644 967
645 210
645 1471
645 317
645 1671
646 1025
647 1523
647 108
647 1166
647 779
648 1155
648 1103
648 512
648 393
648 823
648 1429
649 636
649 1840
649 1680
649 1446
649 672
649 156
650 516
650 548
651 180
651 1993
651 1669
651 1478
651 1706
652 1735
653 23
653 1357
653 1292
653 427
653 864
653 1012
654 173
654 178
654 1866
655 520
655 1081
655 1804
655 297
656 1316
656 936
656 858
656 1104
656 1871
656 1101
656 423
656 1721
657 1991
657 889
658 119
658 230
658 1841
658 1680
658 1408
658 1698
658 1752
658 803
659 1707
659 1462
659 2035
659 1339
660 1998
661 1147
661 1016
661 628
661 1579
661 104
662 1956
662 370
662 1033
662 1986
663 1678
663 554
663 1307
663 1521
664 2026
665 1658
665 1024
665 1215
665 1640
665 291
666 20
666 207
666 1116
666 1196
666 1122
666 1786
666 1831
667 207
668 299
668 768
668 1209
669 553
669 179
669 171
669 1591
669 1780
669 1304
670 1207
670 694
671 1756
671 751
671 1982
671 745
671 1825
672 593
672 202
672 385
673 330
673 1126
673 641
673 1935
673 1171
674 693
674 1566
675 1813
675 1393
675 327
675 417
675 1714
675 557
675 163
675 147
676 1311
676 578
676 968
676 1609
676 561
676 1249
676 949
677 397
678 1220
678 310
678 1509
679 1800
679 755
679 440
679 267
679 983
679 1251
680 290
681 3
682 691
682 330
683 1051
683 1529
683 1735
683 1295
683 691
683 698
683 1159
683 428
683 1842
683 156
684 1500
684 1637
684 1191
684 774
684 1556
684 795
684 124
684 1408
685 1477
685 1105
685 2046
685 836
685 404
686 1902
686 1439
686 1811
686 920
686 1647
686 898
686 712
687 447
687 232
687 1597
688 1337
688 189
689 672
689 1466
689 1224
689 1338
690 1123
690 748
690 1813
690 1279
690 187
690 1958
690 227
691 1937
691 1624
691 1975
691 1222
691 383
692 298
692 840
692 1683
692 502
693 761
693 352
694 1135
694 1613
694 1682
694 1094
694 414
695 423
695 1854
695 694
695 233
695 627
696 1602
696 552
697 1785
697 1644
697 997
697 1746
697 284
697 1244
697 1461
698 1377
698 1287
698 1550
699 289
699 83
700 1947
700 1171
700 1953
700 55
701 1051
701 2026
701 1992
702 342
702 1736
702 1423
703 1882
703 701
703 1643
703 1512
703 992
703 802
704 462
704 109
704 1925
704 601
704 354
704 1620
704 952
704 1060
705 1339
705 1130
705 474
705 373
706 364
706 1119
707 1909
708 6
708 2039
708 1502
708 1507
708 177
708 1074
709 1677
709 2046
709 1277
709 1878
709 326
709 1405
710 48
710 1729
710 1200
711 774
711 125
711 681
712 2034
712 459
712 918
712 2036
713 1475
713 1278
713 1150
713 1208
713 560
713 1331
714 1464
714 661
714 33
714 56
714 266
715 326
715 1537
715 1117
715 1945
715 830
716 1499
716 585
716 1813
716 1301
716 258
717 24
717 1141
717 1861
717 1338
717 500
717 1576
717 1263
718 1147
718 1978
719 1119
719 1184
719 801
720 329
720 1382
721 429
721 1967
721 346
721 1190
722 1209
722 1772
722 1539
723 646
724 1898
724 251
724 1900
725 1946
726 1039
726 1684
726 355
726 1689
726 1506
726 639
726 896
726 507
727 1494
727 1947
727 672
727 763
727 1893
727 1889
728 945
728 860
728 1057
728 620
729 1024
729 1680
730 1778
730 997
730 1160
731 896
731 334
731 1470
731 1418
731 711
731 942
732 1241
732 1855
732 1238
732 454
732 1632
733 1343
733 1277
733 1478
733 934
734 1335
734 608
734 1742
734 1335
734 490
734 1600
734 189
734 1556
734 13
735 307
735 303
736 685
736 1118
736 1384
736 1469
737 683
737 1509
737 1512
738 107
738 1597
738 1663
738 1383
738 1915
739 411
739 1151
739 374
739 1120
740 835
740 184
740 1066
741 625
741 1116
741 259
741 304
742 508
742 711
742 1562
742 1034
742 488
742 1376
742 1617
743 1541
743 1046
743 889
743 759
744 2
744 1940
745 445
745 1932
745 1607
745 1202
746 1396
746 1999
746 209
746 1996
746 1551
746 1250
747 1468
747 527
747 910
747 1697
747 1343
748 457
748 1425
749 225
749 1712
749 1027
749 1433
750 642
750 282
750 729
750 1754
751 147
751 1759
751 206
751 795
751 558
752 527
752 706
753 1712
753 1044
753 1221
753 100
753 2034
753 2007
754 1
754 151
754 958
754 1316
754 1742
754 1694
755 1879
755 673
755 1127
755 905
755 1652
756 94
756 720
756 1525
756 858
757 1670
757 1052
758 13
758 970
758 2013
759 1742
759 1866
759 1437
759 1032
759 757
759 1783
759 1231
760 2032
760 1390
760 1313
760 898
761 634
761 940
761 976
761 1327
761 1668
761 194
762 1320
763 218
763 211
763 172
763 617
763 1254
763 889
763 1751
763 1787
764 452
764 173
764 1900
764 2043
764 1589
765 1557
765 966
765 426
765 1998
766 683
766 871
766 1493
766 1568
767 1837
767 1944
768 1543
768 961
768 969
768 479
768 1660
768 1398
769 894
769 79
769 1663
769 783
769 787
770 1311
771 1491
771 1725
771 693
771 1536
772 819
772 720
772 126
772 1579
772 503
772 1463
772 569
773 1181
773 1425
773 943
773 1759
773 1726
774 1308
774 1022
774 957
774 1013
774 841
775 1584
775 1377
776 732
776 1591
776 1492
776 1724
776 1144
777 989
777 1511
778 1966
778 909
778 1095
778 2004
778 989
779 1900
779 1302
779 1663
779 1547
779 767
779 459
779 1817
780 1711
781 401
781 1078
781 498
781 1492
781 1903
782 1760
782 475
782 431
782 1595
782 733
782 965
783 42
783 1870
784 792
784 759
784 1027
784 75
785 1193
785 1324
785 2011
785 500
785 859
786 876
786 1541
786 66
786 1303
787 112
788 1315
788 1887
788 963
788 1616
788 842
788 1195
788 180
789 1337
789 1551
790 1904
790 1666
790 233
790 1503
791 942
791 1823
791 1318
791 1206
792 1908
792 1976
792 1575
792 1706
793 86
793 803
794 1693
794 1385
794 849
794 911
794 913
795 218
796 1035
797 1526
797 501
797 647
797 142
797 1253
797 1694
797 743
798 967
799 1932
800 1158
800 127
800 1479
801 2022
801 484
801 85
802 1175
802 1174
803 376
803 1654
803 1191
803 1748
804 1992
804 740
805 1828
805 1790
806 802
806 1101
807 33
808 1320
808 826
808 1210
808 1470
808 155
809 1602
809 606
809 953
810 698
810 709
811 209
811 576
811 668
811 571
812 1571
812 1153
813 24
813 956
814 1955
814 1108
814 1006
815 162
815 622
815 746
815 1638
816 1704
816 1333
816 1236
816 1606
817 630
818 118
818 838
818 1916
818 371
818 1536
819 1517
819 1789
819 1429
820 1441
820 929
820 772
820 1802
820 268
820 698
821 314
821 609
821 918
821 1093
821 1133
821 842
821 949
822 664
822 1702
822 1815
822 1765
822 1998
823 1269
823 942
823 931
823 95
823 781
824 769
824 250
824 1465
825 1253
825 480
825 712
826 652
826 1734
826 732
826 1789
827 159
827 1216
827 450
828 708
828 1237
828 1798
829 979
829 847
829 34
829 925
830 2015
830 1064
830 536
830 87
831 211
831 1985
831 1024
831 1661
831 1171
831 858
831 44
832 1667
832 1401
833 1498
834 526
834 1112
834 759
834 9
834 1718
835 1289
835 383
836 1663
836 428
836 1047
836 830
836 1650
837 1728
837 1706
837 1426
837 857
838 1972
838 2010
838 660
838 1872
838 529
838 568
839 1295
839 688
839 338
839 1805
840 1248
840 1815
840 862
840 1552
840 1709
840 1341
841 132
841 622
841 578
841 25
842 293
842 1675
842 1305
842 1524
843 363
843 1533
843 66
843 41
845 1046
845 55
845 344
846 582
846 382
846 1775
846 1652
846 522
846 892
846 1818
847 556
847 1370
847 770
848 483
848 548
848 382
848 1425
848 701
848 1405
849 1294
849 1508
850 627
850 499
850 1306
850 1994
851 1814
851 1289
851 748
852 755
852 1196
853 400
853 1645
854 1053
854 1845
854 784
854 1026
854 48
854 489
855 105
855 78
855 1052
855 1326
855 172
855 804
856 898
856 729
857 1011
857 1031
857 1829
857 1784
857 2039
858 945
858 1598
858 796
858 160
859 1910
859 1684
859 888
859 666
860 1228
860 673
860 73
860 516
860 1447
860 1144
860 1998
860 1839
860 1297
861 1002
861 219
861 106
862 290
862 1637
862 664
863 1879
863 1679
863 1226
864 663
864 720
865 218
865 1989
865 1836
865 1122
865 547
866 1726
866 732
867 1564
867 639
867 306
867 1166
867 792
867 22
868 1171
868 1725
868 1007
869 997
869 928
869 329
869 71
869 1327
869 1405
870 1551
870 789
870 491
870 977
870 1012
870 354
871 253
871 1542
871 1850
872 1236
872 1954
872 36
872 1922
872 1089
873 1278
874 1365
874 964
874 1290
875 1650
875 1431
875 1920
875 1540
875 1251
875 1473
875 1966
875 323
875 385
876 1079
876 827
876 1105
876 1215
876 1206
876 347
877 1602
878 1865
878 419
878 1981
878 1017
878 188
879 1651
879 964
879 666
879 257
879 320
879 465
879 1846
879 69
880 748
880 996
880 1672
881 1540
881 763
881 1777
881 1787
881 346
881 645
881 662
881 2041
882 1740
882 341
882 1198
882 635
883 708
883 738
884 273
884 1548
884 1755
884 1668
884 1083
885 881
886 1527
886 112
886 644
886 1731
887 1315
887 749
887 1252
888 695
888 1474
888 599
888 642
888 947
889 895
889 735
889 1636
889 1526
889 1763
889 401
889 1577
889 1414
890 2007
890 685
891 1387
891 1916
891 2040
891 1404
891 600
891 1393
892 1631
892 875
892 275
893 788
893 408
893 996
893 1082
893 1376
893 1314
893 206
894 579
894 217
894 456
894 577
895 749
895 49
896 356
896 1711
896 772
896 2010
896 1512
896 873
897 1602
897 1948
897 1624
898 1537
898 1993
898 1370
898 565
898 579
898 718
899 9
899 669
899 943
899 1528
900 1887
900 740
900 437
901 2042
901 678
901 375
901 776
902 819
902 562
902 1394
903 1628
903 1000
903 855
903 92
903 847
904 126
904 1571
904 1974
904 1039
905 1277
905 1382
905 1426
906 1587
907 1441
907 308
907 1299
907 620
907 796
908 351
908 751
908 1862
908 1210
909 1489
909 1038
909 1955
910 704
911 1401
911 460
911 387
912 574
912 239
912 19
912 1639
912 799
912 1216
912 1573
913 1362
913 984
914 227
914 291
914 515
914 898
915 87
915 213
915 516
917 1200
917 927
917 877
917 1000
917 1644
917 1535
917 1786
918 779
918 1620
919 146
919 614
919 143
919 1175
919 964
920 1718
920 1755
920 1308
921 1688
921 739
921 406
921 418
921 240
921 329
921 145
923 750
923 1669
923 1446
924 1489
924 1789
924 1620
924 1453
924 693
925 772
925 1406
925 777
925 500
926 48
926 1467
926 1601
927 88
928 1268
928 718
928 1012
929 64
930 892
930 482
930 854
930 107
930 202
931 1564
931 751
932 1316
932 255
932 1949
932 985
932 982
933 1304
933 512
933 1028
933 1992
934 278
934 1140
934 1951
935 196
935 903
935 1973
935 1185
935 1254
935 1874
936 1904
936 185
936 846
936 1536
937 867
937 343
938 232
938 1570
938 1133
938 537
938 632
939 125
939 1349
939 507
939 609
940 1189
940 1819
940 1172
941 1432
941 1111
941 86
941 2002
941 1012
941 40
941 138
942 1135
942 1111
942 579
942 1923
942 1097
943 1907
943 849
943 1228
943 1040
944 127
944 137
944 1894
944 611
944 1263
946 1171
946 1059
946 1829
946 2039
946 1335
946 1685
948 1708
948 1578
948 205
948 551
948 1098
950 1460
950 781
950 1520
950 1808
950 282
950 1929
950 104
950 1269
950 106
950 2035
951 560
951 1504
951 218
952 1436
952 289
952 285
952 309
952 1998
952 48
952 1944
952 936
953 832
953 1105
953 1820
954 1324
954 257
954 889
954 106
955 321
955 588
955 1908
955 1095
955 707
955 1572
956 1880
956 767
956 1364
956 1743
956 781
957 1465
957 1455
957 1628
957 1396
958 486
958 498
958 780
958 1942
958 1882
958 1726
959 1925
959 1606
959 1057
959 1916
959 556
960 1057
960 1565
960 481
961 770
961 115
962 1176
962 815
962 1060
962 258
963 720
963 565
963 174
963 114
963 991
964 1013
964 1998
964 200
964 2006
965 1138
965 1104
965 549
965 1500
966 469
966 1297
966 654
967 448
967 926
968 1917
968 385
969 462
969 555
969 229
970 586
970 323
970 91
971 976
971 1049
971 1043
972 1233
972 404
972 1324
972 664
973 214
973 1499
973 1316
974 1588
974 959
975 389
975 781
975 1615
975 162
976 929
976 829
976 231
977 1886
977 846
978 1520
978 256
978 1652
978 1932
979 388
979 453
979 661
979 1081
980 1531
980 1713
980 1540
981 478
981 1988
982 400
982 536
982 1734
982 1669
982 1415
982 1552
982 1755
982 1985
983 1034
983 1810
983 1305
983 626
984 1995
984 2016
984 484
984 653
985 299
985 978
985 323
985 1818
985 750
986 1600
986 1171
986 1682
987 41
987 478
987 1567
987 1295
987 1487
988 115
988 1333
988 1263
988 1070
989 1450
989 1420
989 920
989 723
989 1635
990 907
990 1421
990 1444
990 1066
990 1046
990 1634
991 229
991 666
992 498
992 1194
992 1067
994 196
994 589
994 841
995 1997
995 1077
995 741
995 302
995 977
995 1679
995 1668
996 1399
996 518
997 923
997 1348
998 1272
998 1599
998 3
999 1725
999 1909
999 537
999 435
999 963
999 924
1000 173
1000 1570
1000 761
1000 214
1001 1536
1001 1611
1001 941
1002 451
1003 137
1003 1087
1003 1210
1004 616
1005 1219
1005 1476
1005 847
1005 1242
1005 532
1005 1843
1005 436
1005 1278
1005 1183
1006 1086
1006 1108
1006 1499
1006 1082
1007 690
1007 1819
1008 204
1008 1603
1008 1535
1009 200
1009 967
1009 1863
1009 2010
1009 520
1009 607
1009 1862
1009 883
1009 2035
1010 422
1010 598
1011 1614
1011 1583
1011 6
1011 1163
1011 1121
1012 1893
1012 1477
1012 1079
1012 448
1012 286
1012 364
1012 111
1012 2000
1013 68
1013 213
1013 631
1013 860
1014 682
1014 1783
1014 1621
1014 1357
1014 2015
1014 216
1014 1240
1014 1467
1015 782
1015 205
1015 1655
1015 1480
1015 825
1015 1700
1016 6
1016 1353
1016 1819
1016 1776
1016 1303
1017 604
1017 1777
1017 1154
1017 1154
1017 1946
1017 1652
1018 1854
1018 455
1018 162
1018 434
1018 1119
1018 1150
1018 1751
1020 556
1020 476
1021 1733
1021 2013
1022 1801
1022 999
1022 1514
1022 1169
1022 1307
1023 1016
1023 68
1023 786
1023 713
1023 2028
1023 1105
1023 644
1023 1700
1025 313
1025 1489
1025 1829
1026 605
1026 1097
1026 30
1026 1151
1027 486
1027 1066
1027 1126
1027 1529
1028 498
1028 8
1028 298
1028 44
1029 324
1029 741
1029 1124
1029 956
1029 1897
1030 111
1030 1302
1030 1874
1030 463
1030 2010
1031 483
1031 1471
1031 1686
1031 1009
1031 584
1031 1588
1031 1787
1032 407
1032 1177
1034 219
1034 886
1034 1891
1034 278
1035 1712
1035 154
1035 1589
1035 1788
1035 1784
1035 1194
1036 534
1036 1062
1036 58
1036 1302
1037 1457
1037 1193
1037 1999
1038 455
1038 501
1038 1295
1039 418
1039 1003
1039 1802
1040 451
1040 1129
1040 1156
1040 864
1040 1245
1040 1919
1041 1538
1041 1903
1041 429
1041 976
1041 1754
1041 1247
1041 707
1042 1718
1042 446
1042 1549
1043 1116
1043 833
1043 19
1043 979
1043 191
1044 1911
1044 1373
1044 1379
1044 1329
1044 1689
1045 294
1045 929
1045 1464
1045 1262
1045 561
1045 1883
1046 15
1046 1327
1046 1445
1046 277
1046 724
1046 558
1046 1489
1047 1066
1047 956
1048 1485
1048 1299
1048 977
1049 891
1049 513
1049 1775
1050 1896
1051 1928
1051 1876
1052 1925
1052 566
1052 476
1052 1678
1052 1507
1052 1404
1053 1871
1053 1982
1053 127
1053 1214
1054 782
1054 1363
1054 1853
1054 1098
1055 293
1055 1817
1055 299
1055 1753
1055 90
1055 1702
1055 1287
1055 91
1056 545
1056 1885
1056 925
1056 703
1056 464
1056 42
1056 154
1056 797
1057 1132
1057 1399
1057 267
1058 1332
1058 143
1058 1944
1059 274
1059 1005
1060 1483
1060 1
1060 688
1060 563
1060 450
1060 728
1061 783
1061 177
1062 1771
1062 687
1062 1133
1062 360
1063 50
1063 417
1063 581
1063 1117
1063 1153
1063 693
1064 562
1064 432
1064 2041
1064 1805
1065 410
1065 44
1065 192
1065 1647
1065 671
1066 1013
1066 1266
1067 738
1067 934
1067 1152
1068 1710
1068 60
1068 1684
1069 234
1069 605
1069 952
1069 40
1069 10
1070 1542
1070 773
1070 575
1071 1044
1071 1950
1072 1673
1072 1513
1072 72
1072 57
1073 526
1074 543
1075 55
1075 607
1075 838
1075 489
1076 980
1077 2001
1077 1379
1077 1485
1078 343
1078 650
1078 1831
1078 283
1078 1198
1078 949
1079 289
1080 2046
1080 1819
1081 1414
1081 1736
1082 1312
1082 1885
1082 993
1082 2021
1082 629
1083 1596
1083 40
1083 213
1083 931
1083 1585
1084 593
1084 1516
1085 961
1085 1876
1085 1184
1085 1469
1086 855
1086 614
1087 1342
1087 1637
1087 1118
1088 197
1088 1082
1089 1821
1089 1351
1089 948
1089 542
1089 1917
1090 141
1091 57
1091 1177
1091 160
1092 1167
1093 701
1093 728
1094 778
1094 817
1094 1312
1094 1118
1095 357
1096 930
1096 56
1097 115
1097 1593
1097 268
1097 468
1098 351
1098 932
1098 1796
1099 1471
1099 1442
1099 451
1099 643
1099 1399
1100 1168
1100 857
1100 239
1101 1540
1101 286
1101 644
1101 440
1102 284
1102 1891
1102 2028
1103 1736
1103 406
1104 1819
1104 1553
1104 472
1104 164
1105 1266
1105 1698
1105 666
1105 1186
1106 889
1106 1837
1106 1004
1106 1026
1106 574
1107 1602
1107 494
1107 1809
1107 1303
1107 1820
1108 369
1108 1009
1108 507
1108 1696
1108 578
1108 1310
1109 629
1109 2010
1109 1509
1110 829
1110 780
1110 1238
1110 1103
1111 1760
1112 1791
1112 309
1112 71
1112 1272
1112 463
1112 530
1112 1047
1113 1045
1113 379
1113 1001
1113 177
1114 1208
1114 1637
1114 91
1115 2018
1115 243
1115 349
1115 996
1115 966
1115 1288
1115 152
1116 789
1116 1437
1116 1539
1117 1217
1118 747
1118 1929
1119 1602
1119 347
1119 41
1120 610
1120 1041
1120 245
1120 1642
1121 489
1121 725
1121 754
1121 188
1122 1426
1122 1426
1122 1287
1122 1947
1123 627
1123 767
1124 1594
1125 211
1125 1780
1125 860
1125 1342
1125 171
1126 1261
1126 1751
1126 869
1126 1450
1126 447
1126 1363
1126 883
1127 305
1127 144
1127 2015
1127 771
1127 1612
1127 849
1128 6
1129 1372
1129 983
1129 116
1129 1880
1129 1911
1129 1034
1130 1509
1130 671
1130 1229
1130 259
1131 146
1131 930
1131 1807
1132 596
1132 1317
1132 1070
1132 1085
1133 1539
1133 826
1133 1564
1133 178
1133 277
1133 1599
1133 294
1134 305
1134 396
1134 899
1135 170
1135 604
1135 616
1136 782
1136 768
1136 442
1137 330
1137 17
1137 23
1137 1663
1137 578
1138 1246
1138 335
1138 46
1138 1277
1138 301
1139 1914
1139 217
1139 927
1139 238
1140 396
1140 231
1140 1496
1140 1479
1140 1899
1140 730
1141 1775
1141 1226
1141 1419
1141 1388
1142 149
1142 430
1142 1174
1143 290
1143 1341
1143 2016
1143 1541
1143 1437
1143 915
1143 483
1144 269
1144 143
1144 71
1144 1818
1144 1353
1144 1326
1144 1459
1144 21
1144 1990
1145 1963
1145 688
1146 2017
1146 1819
1146 554
1146 303
1146 1035
1146 1670
1147 1969
1147 525
1147 334
1147 1238
1147 61
1148 16
1148 55
1148 1836
1149 1286
1149 471
1149 1940
1149 1021
1149 1337
1149 802
1150 85
1150 1389
1150 971
1151 1172
1152 1909
1154 166
1154 636
1155 1729
1155 1235
1155 740
1155 489
1156 1744
1156 1029
1156 471
1156 5
1157 814
1157 875
1157 1697
1157 345
1158 608
1158 768
1158 1142
1159 258
1159 805
1159 385
1159 196
1160 139
1160 15
1160 534
1161 1609
1161 942
1162 655
1162 719
1162 1953
1162 1540
1162 1747
1162 202
1163 998
1164 279
1164 1501
1165 1143
1165 287
1165 1402
1166 329
1166 1671
1166 1623
1166 46
1166 14
1166 1943
1167 114
1167 1397
1168 12
1168 47
1168 1176
1169 407
1170 256
1170 1862
1170 214
1170 1505
1170 505
1170 601
1170 1462
1171 736
1171 1764
1171 1511
1172 1424
1173 899
1173 1452
1173 199
1173 1591
1173 1797
1174 1495
1174 1069
1174 1403
1174 824
1175 1333
1175 197
1175 1491
1175 1853
1175 374
1175 32
1175 1854
1176 478
1176 1764
1176 130
1176 290
1176 820
1177 146
1177 1701
1177 846
1177 1667
1178 465
1178 1659
1179 491
1179 251
1179 199
1179 319
1180 470
1180 787
1180 496
1181 194
1181 1295
1181 495
1181 880
1181 2003
1182 328
1182 1867
1182 1984
1183 1688
1183 1863
1183 1795
1183 1755
1183 765
1183 326
1183 293
1183 1492
1184 1979
1184 527
1184 1456
1185 1486
1185 555
1185 846
1185 1695
1186 786
1186 444
1186 1770
1186 1989
1187 114
1187 303
1187 1416
1187 139
1187 1945
1187 1487
1187 1157
1188 568
1188 1131
1188 1325
1188 1846
1188 1907
1188 1012
1188 997
1190 176
1190 21
1190 1903
1190 1219
1190 1680
1191 191
1191 928
1192 1590
1192 558
1193 1889
1193 1302
1193 1153
1193 740
1194 288
1194 229
1195 262
1195 746
1195 806
1195 114
1196 139
1196 189
1196 1379
1197 1451
1197 265
1197 1065
1197 1742
1198 1514
1198 1710
1198 2042
1199 525
1199 816
1199 1402
1200 460
1200 1527
1200 1562
1200 1861
1201 435
1201 1282
1201 1015
1201 54
1201 1852
1201 845
1201 166
1202 517
1202 1791
1202 250
1203 1494
1203 1385
1203 1477
1203 394
1204 1696
1205 1587
1205 2019
1205 1899
1205 113
1206 342
1206 703
1206 1402
1206 1979
1206 364
1206 1925
1206 480
1206 767
1207 1746
1207 1237
1207 1770
1207 619
1208 1464
1208 1087
1208 1799
1208 71
1209 124
1209 1372
1209 1828
1209 251
1210 903
1210 1233
1210 1808
1211 1720
1211 1973
1211 24
1211 233
1212 41
1212 629
1212 1454
1213 1671
1213 2021
1213 940
1213 777
1213 752
1213 2044
1214 1008
1214 395
1214 213
1214 379
1214 1899
1214 125
1214 1504
1214 1043
1215 762
1215 1989
1215 70
1216 561
1216 1195
1217 1451
1217 605
1217 1997
1217 576
1218 1214
1218 1503
1218 475
1218 1163
1218 1181
1219 817
1219 1774
1219 1308
1220 340
1220 424
1221 2025
1221 1342
1221 1926
1222 1991
1222 373
1222 1869
1222 614
1222 692
1223 946
1223 1856
1223 44
1223 821
1224 1437
1224 538
1224 505
1224 1531
1225 1654
1225 953
1225 1081
1225 204
1225 1354
1226 1096
1226 1356
1226 1693
1226 491
1226 1195
1226 729
1227 1643
1227 2041
1227 980
1227 1831
1228 1098
1229 1690
1229 1518
1229 459
1230 2015
1230 921
1230 1553
1231 376
1231 249
1231 89
1231 865
1231 2028
1231 221
1231 435
1232 1604
1232 281
1232 900
1232 1526
1232 311
1232 1392
1232 398
1233 590
1233 180
1233 1423
1234 1093
1234 854
1234 1965
1234 469
1234 1214
1235 1998
1235 1232
1235 1567
1235 48
1235 2033
1236 1888
1236 1780
1236 2024
1236 357
1236 1946
1237 371
1237 1411
1237 586
1237 1397
1238 1961
1238 44
1238 657
1238 777
1239 255
1239 998
1239 1008
1239 969
1240 675
1240 1636
1240 1890
1240 1753
1240 102
1240 1691
1241 1443
1241 1378
1241 1089
1241 1668
1242 1201
1242 1103
1242 1513
1242 1495
1243 701
1243 728
1243 1564
1243 444
1243 848
1243 416
1243 522
1243 681
1243 812
1243 977
1244 539
1244 503
1244 1937
1244 1602
1245 1968
1245 1051
1245 871
1245 261
1246 1842
1246 852
1246 513
1246 1023
1246 1272
1247 208
1247 1600
1247 1249
1247 7
1248 1707
1248 266
1248 60
1248 1797
1248 1001
1249 2017
1250 1994
1250 836
1250 213
1250 550
1251 1747
1251 1354
1252 638
1252 697
1252 1031
1253 1816
1253 1619
1254 1641
1254 1277
1254 315
1254 1145
1255 10
1255 475
1256 1132
1256 1893
1256 1101
1256 1219
1256 958
1257 15
1257 762
1257 1465
1257 877
1257 1610
1258 139
1258 696
1258 937
1258 1060
1258 24
1259 823
1259 1536
1259 1169
1260 1508
1260 880
1260 201
1260 394
1260 935
1260 673
1260 898
1261 1233
1261 1011
1261 1630
1261 670
1262 600
1262 194
1262 1278
1262 836
1262 939
1262 465
1262 1775
1263 458
1264 73
1264 1570
1264 578
1264 853
1264 1255
1265 497
1265 1259
1265 1432
1265 79
1265 78
1265 64
1265 1411
1266 137
1266 349
1266 1537
1267 1651
1267 236
1267 1340
1268 312
1268 1320
1268 1090
1268 905
1268 132
1268 1428
1268 1867
1268 402
1269 498
1269 917
1269 686
1270 1404
1270 577
1270 1158
1270 1619
1271 1374
1271 239
1271 1207
1272 1386
1272 1778
1272 472
1272 1559
1272 684
1272 753
1272 45
1272 1949
1273 496
1273 945
1273 959
1274 1009
1274 1999
1274 1941
1274 437
1275 303
1275 887
1275 1006
1276 1824
1276 1984
1276 566
1277 1188
1277 969
1277 405
1277 563
1277 604
1277 1017
1277 1068
1277 1790
1278 1644
1278 1005
1280 1663
1280 466
1280 550
1281 1873
1281 405
1281 616
1281 499
1282 1372
1282 1043
1283 1794
1283 695
1283 727
1283 1363
1283 1872
1283 29
1284 464
1285 1585
1285 1531
1285 965
1285 657
1286 476
1286 59
1286 1584
1286 1295
1286 1387
1286 1481
1287 686
1287 1518
1287 1662
1287 1289
1288 1197
1288 478
1288 148
1288 977
1288 2041
1289 1280
1289 985
1289 1690
1290 703
1290 1635
1290 24
1291 619
1291 1792
1291 1518
1291 583
1291 1036
1291 524
1291 1424
1291 1157
1291 761
1292 1767
1292 1189
1292 475
1292 1031
1293 1206
1293 235
1293 40
1293 407
1293 1866
1293 469
1293 1092
1294 174
1294 74
1295 1473
1295 866
1295 371
1296 419
1296 925
1296 1305
1296 42
1296 849
1297 571
1297 495
1297 1626
1297 626
1297 1362
1297 158
1297 1312
1297 1825
1298 32
1298 1692
1298 752
1298 1996
1299 522
1299 117
1299 1342
1299 1916
1300 1325
1300 294
1300 887
1301 249
1302 1367
1302 473
1303 1160
1304 142
1304 1558
1304 711
1304 889
1304 307
1304 1680
1304 1571
1305 1237
1305 1840
1305 1967
1306 2011
1307 637
1307 632
1307 1468
1308 783
1308 785
1308 333
1309 38
1309 979
1310 104
1310 1033
1310 1509
1310 1018
1311 14
1311 1649
1311 2019
1312 179
1312 894
1312 875
1313 1107
1313 752
1313 689
1313 832
1314 2008
1314 260
1314 1764
1315 1937
1315 360
1315 1682
1315 26
1315 604
1315 1331
1315 916
1315 1689
1315 564
1316 340
1317 1922
1317 1208
1317 766
1317 820
1319 1332
1319 228
1320 1045
1320 1705
1321 23
1321 1159
1321 1049
1322 1800
1322 463
1322 1179
1322 483
1323 1077
1323 804
1323 948
1323 414
1323 1922
1324 1153
1324 1795
1324 824
1325 49
1325 1703
1325 578
1325 569
1325 18
1325 831
1326 788
1327 1417
1327 868
1327 1026
1327 516
1327 1725
1328 2017
1328 344
1329 1292
1329 1515
1329 806
1329 591
1329 703
1330 2032
1330 162
1330 1465
1330 1675
1331 1127
1331 609
1332 115
1332 1559
1332 392
1332 302
1332 1739
1332 469
1333 1023
1333 1227
1333 255
1333 563
1333 426
1333 1985
1333 378
1333 1743
1334 921
1334 151
1334 158
1334 1033
1335 1429
1335 1498
1335 1511
1335 664
1335 1089
1335 816
1335 777
1336 404
1336 1625
1337 1371
1337 338
1338 495
1338 393
1338 1194
1338 1870
1339 395
1339 1542
1339 1269
1340 1593
1340 1024
1341 493
1341 1613
1341 1197
1341 451
1341 337
1342 789
1342 1153
1342 1388
1342 49
1342 799
1342 1731
1342 1174
1342 1395
1342 1789
1343 285
1343 255
1343 597
1343 291
1343 70
1343 1427
1343 1771
1343 1364
1344 2011
1344 50
1344 487
1344 814
1345 1258
1345 797
1345 522
1345 1443
1346 1687
1346 551
1346 191
1346 1003
1346 243
1346 30
1346 145
1347 1068
1347 824
1347 976
1347 907
1347 469
1347 1049
1347 1336
1348 152
1348 1941
1348 1760
1348 133
1348 1179
1348 1201
1348 247
1348 384
1349 1991
1349 322
1349 426
1349 1580
1349 765
1349 124
1349 210
1349 622
1350 1525
1350 1431
1350 2037
1350 47
1351 53
1351 1240
1351 955
1351 1070
1351 1369
1351 725
1351 1723
1351 1749
1352 704
1352 432
1352 1844
1352 835
1353 1257
1353 1214
1353 924
1353 1252
1353 937
1353 1029
1353 694
1353 978
1353 1906
1354 209
1354 1088
1355 810
1355 1154
1355 620
1355 1788
1356 2021
1356 727
1356 876
1357 425
1357 1826
1358 747
1358 881
1358 1428
1359 1889
1359 1611
1359 1429
1360 768
1361 758
1362 1040
1362 1887
1362 1910
1362 1526
1363 649
1363 408
1363 1980
1363 776
1363 545
1364 1863
1364 123
1364 1
1364 1347
1364 878
1364 363
1364 229
1365 359
1365 1290
1366 106
1367 442
1367 1492
1367 1320
1367 765
1368 1516
1368 801
1368 1155
1369 1691
1370 834
1371 1886
1371 644
1371 166
1372 1333
1373 318
1374 1822
1374 1680
1375 1116
1375 701
1375 1799
1375 2022
1375 1296
1375 1484
1376 942
1376 695
1376 1537
1376 1280
1377 2037
1377 1758
1377 289
1377 240
1378 334
1378 55
1378 723
1379 2015
1380 919
1380 546
1380 1076
1381 2020
1381 253
1381 498
1381 233
1381 2005
1381 1587
1382 1801
1382 1667
1382 1557
1382 969
1382 96
1382 180
1382 1148
1383 1286
1383 785
1383 1946
1383 1395
1384 231
1384 383
1384 109
1384 151
1385 1103
1385 1587
1385 1603
1385 1916
1385 645
1385 1987
1386 53
1386 1686
1386 76
1386 195
1386 2009
1387 174
1387 401
1387 1365
1387 122
1388 1570
1388 1418
1388 1938
1388 1413
1389 1991
1389 519
1389 207
1389 1189
1390 582
1390 299
1390 122
1390 302
1390 179
1390 206
1390 89
1391 1762
1391 734
1391 449
1392 372
1393 1322
1393 1804
1393 246
1393 975
1394 1286
1394 309
1394 1573
1395 1884
1395 1536
1395 1186
1395 1148
1396 410
1396 1239
1396 1271
1396 1892
1397 1566
1397 34
1397 1230
1397 691
1397 1944
1398 547
1398 1917
1398 200
1398 1554
1398 1724
1399 406
1399 1227
1399 1337
1399 1447
1399 1574
1399 1275
1399 914
1399 445
1400 928
1400 1259
1400 1599
1400 1905
1400 1360
1400 1378
1400 842
1400 1808
1401 1869
1402 1376
1402 1617
1402 833
1403 1826
1403 611
1403 1172
1404 62
1404 1429
1404 709
1404 357
1405 54
1405 1693
1405 1529
1405 24
1405 791
1405 1460
1406 1887
1406 761
1407 1189
1407 922
1408 79
1408 1394
1408 2029
1408 1849
1408 1607
1408 812
1408 256
1408 1924
1408 1358
1408 1827
1409 1904
1409 539
1410 201
1410 648
1410 1400
1411 1294
1411 1712
1411 2032
1411 194
1412 1057
1412 105
1412 1843
1412 627
1412 798
1412 1320
1413 1713
1413 345
1414 108
1414 1853
1414 1987
1414 1999
1415 1702
1415 1124
1415 403
1415 453
1416 2038
1416 1033
1416 82
1416 233
1417 753
1417 1914
1417 967
1417 931
1417 564
1418 1554
1418 641
1418 1618
1418 1284
1418 1252
1419 134
1419 1501
1419 222
1420 1413
1421 396
1421 1883
1421 30
1421 927
1421 1327
1422 1822
1423 1676
1423 1407
1423 1362
1423 1829
1424 1848
1424 1795
1424 1422
1424 82
1425 1798
1425 1726
1426 817
1427 531
1427 1152
1428 628
1428 499
1429 1301
1430 541
1430 339
1430 1275
1430 1693
1430 1733
1431 375
1431 1803
1431 160
1431 808
1431 1540
1431 49
1431 1048
1432 292
1432 1007
1432 460
1433 1839
1433 995
1433 551
1433 634
1434 1510
1434 1062
1435 1479
1435 1994
1435 1246
1435 478
1436 1859
1436 1063
1436 763
1437 923
1437 750
1437 1511
1437 436
1437 1019
1437 1414
1437 827
1437 516
1438 885
1438 199
1438 105
1438 545
1438 720
1438 541
1438 1434
1438 1721
1439 1231
1440 330
1440 907
1440 1165
1440 1840
1441 2028
1441 267
1441 897
1441 928
1442 762
1442 1061
1442 828
1443 1069
1443 668
1443 1853
1443 1757
1443 1220
1443 220
1443 1906
1443 52
1444 1376
1444 291
1445 1387
1445 299
1445 195
1445 754
1445 1936
1445 144
1446 1665
1446 511
1446 655
1446 674
1446 53
1447 1931
1447 9
1447 541
1448 1856
1448 165
1448 1093
1448 1747
1449 317
1449 440
1449 826
1450 564
1450 950
1450 2001
1450 758
1450 773
1451 1609
1451 893
1451 656
1452 1849
1452 28
1452 1314
1452 1517
1452 958
1453 604
1453 359
1453 992
1454 1346
1454 758
1454 1148
1454 327
1454 880
1455 1833
1455 1579
1456 1813
1456 1197
1456 651
1456 670
1457 1939
1457 290
1457 1125
1458 77
1458 1372
1458 1291
1458 1338
1458 1941
1458 1956
1459 889
1459 1831
1459 1673
1460 1757
1460 1727
1460 1315
1461 122
1461 598
1461 949
1461 1938
1462 1994
1462 338
1462 859
1462 1955
1462 152
1462 18
1463 356
1463 1868
1463 457
1463 1761
1463 1495
1463 865
1463 434
1465 1893
1465 884
1465 904
1465 407
1465 24
1465 1843
1466 864
1466 1034
1466 946
1466 573
1467 1224
1467 619
1467 1530
1467 1197
1467 430
1468 139
1469 1009
1469 162
1469 1777
1469 1390
1470 1059
1470 1800
1470 856
1470 405
1471 1955
1471 1891
1471 1700
1472 790
1472 536
1472 746
1472 365
1472 1211
1473 1449
1473 2035
1474 220
1474 288
1474 2037
1474 252
1474 1099
1474 1683
1474 1179
1475 1594
1475 1037
1475 836
1476 1105
1476 253
1476 762
1476 1776
1476 291
1476 444
1476 1895
1476 1735
1476 1151
1477 1340
1477 63
1477 1202
1477 706
1477 1190
1477 1797
1478 444
1478 509
1478 900
1478 804
1478 1241
1478 1263
1479 728
1479 1726
1479 926
1479 394
1479 839
1480 1831
1480 323
1480 1930
1481 105
1481 299
1482 1132
1482 1812
1482 541
1482 1667
1482 1261
1483 1536
1483 1583
1483 887
1483 1224
1483 930
1483 1031
1484 1767
1484 394
1484 312
1484 1500
1484 1958
1484 1822
1484 1567
1485 360
1485 88
1485 104
1485 514
1486 600
1487 1685
1487 917
1488 1301
1488 1628
1489 581
1489 692
1489 1165
1489 1185
1490 50
1490 1295
1490 1815
1490 993
1490 1437
1490 1896
1490 868
1490 1448
1490 155
1491 1643
1491 835
1491 389
1491 2021
1491 1106
1492 218
1492 1073
1493 1268
1493 717
1493 204
1494 299
1494 1465
1494 1521
1494 352
1494 513
1495 1420
1495 556
1495 436
1496 861
1496 171
1496 553
1497 1416
1497 2004
1498 1086
1498 1004
1498 1342
1498 1470
1499 5
1499 1853
1499 484
1499 154
1499 388
1499 906
1500 1313
1500 1291
1500 598
1501 2038
1501 750
1501 541
1502 1811
1502 789
1502 2026
1502 1374
1502 102
1502 1382
1502 1762
1502 1474
1503 1115
1503 1379
1503 1718
1503 715
1503 1862
1503 445
1504 1571
1504 1072
1504 1161
1504 32
1504 502
1504 1356
1505 1099
1505 192
1505 137
1505 508
1505 852
1505 224
1505 828
1505 702
1506 2044
1506 1230
1506 1146
1506 453
1506 1790
1507 1874
1507 1021
1507 1346
1507 757
1507 1274
1507 2043
1508 1457
1508 1472
1508 500
1508 305
1508 1952
1508 1858
1508 330
1509 1683
1509 337
1509 750
1509 1872
1510 1866
1511 1099
1511 2020
1511 1421
1511 1141
1511 796
1512 1312
1512 1620
1512 705
1512 921
1513 1571
1513 1601
1513 1835
1514 66
1514 348
1514 691
1514 349
1514 588
1514 300
1515 706
1516 1325
1516 945
1516 1761
1517 939
1517 769
1517 1291
1517 1927
1518 656
1518 611
1518 543
1519 1150
1519 399
1519 1489
1519 1426
1519 814
1519 417
1520 1886
1521 1337
1521 1299
1521 992
1521 1733
1521 766
1522 1769
1522 1866
1522 802
1522 1125
1522 996
1522 1124
1523 180
1523 308
1523 606
1523 1757
1523 1360
1524 1871
1524 369
1524 171
1524 693
1524 1969
1524 656
1524 1598
1525 627
1525 233
1525 190
1525 1113
1525 1488
1526 1216
1526 164
1527 234
1527 381
1527 984
1528 443
1528 226
1528 255
1528 563
1528 1669
1528 866
1528 2027
1529 69
1529 761
1529 1455
1529 334
1530 1294
1530 472
1530 1357
1530 748
1530 1652
1530 349
1531 1765
1531 1273
1531 199
1531 960
1531 651
1532 1000
1532 1062
1532 1060
1532 1797
1533 1639
1534 1420
1534 303
1534 1579
1535 1224
1535 912
1535 1660
1535 323
1535 1897
1536 249
1536 579
1537 1077
1537 204
1537 1761
1537 515
1537 660
1537 1784
1538 1474
1538 211
1538 967
1538 1991
1538 502
1538 220
1538 1532
1539 108
1539 465
1539 413
1540 682
1540 300
1540 887
1541 1492
1541 1359
1541 970
1541 218
1542 1761
1542 1504
1542 1100
1542 1319
1542 1013
1542 1071
1542 257
1543 1925
1543 1971
1544 572
1544 609
1544 2008
1544 1679
1545 231
1545 456
1545 115
1545 1755
1545 1864
1545 1407
1546 881
1546 157
1546 650
1546 545
1546 1539
1547 1945
1547 1355
1547 806
1548 448
1548 1800
1548 575
1548 107
1549 1821
1549 1237
1549 1493
1549 1184
1549 1982
1549 1948
1550 1837
1550 408
1550 122
1550 232
1550 867
1551 580
1551 499
1551 1320
1552 301
1552 203
1552 561
1552 855
1552 851
1552 676
1552 1953
1553 625
1553 1749
1554 631
1554 473
1555 1834
1555 1982
1555 514
1555 103
1556 629
1556 585
1556 1541
1557 212
1557 752
1557 1730
1557 625
1557 951
1557 59
1557 1579
1557 1254
1558 984
1559 591
1559 725
1559 344
1560 1506
1560 1414
1560 184
1560 1865
1560 1136
1560 201
1561 589
1561 1225
1561 390
1561 212
1562 74
1562 1643
1562 126
1562 1083
1562 819
1562 1765
1563 1271
1563 833
1563 1676
1563 564
1564 949
1564 1246
1564 1654
1565 536
1565 1296
1565 566
1565 286
1565 204
1565 481
1566 767
1566 1638
1566 1274
1566 644
1566 890
1566 205
1567 1532
1567 1164
1567 959
1567 1298
1568 1165
1568 1791
1568 922
1568 385
1568 674
1568 1824
1569 1393
1569 1736
1569 1221
1569 1795
1570 449
1570 1489
1570 516
1570 948
1570 85
1571 824
1572 4
1572 1844
1572 1940
1573 474
1573 1599
1573 1901
1573 493
1573 881
1573 1921
1573 626
1574 1024
1574 1874
1574 489
1574 1810
1574 854
1575 75
1575 915
1575 1193
1575 753
1575 965
1576 1981
1576 764
1576 1622
1576 391
1576 1749
1577 1782
1577 416
1577 1210
1577 864
1577 1263
1577 1152
1577 667
1577 1791
1578 1844
1578 612
1578 1434
1578 399
1578 614
1578 506
1578 718
1578 1181
1579 225
1579 458
1579 1034
1579 1592
1580 1721
1580 1519
1580 1068
1580 1611
1580 596
1580 273
1581 206
1581 1661
1581 679
1581 1459
1582 1251
1582 1158
1582 1112
1583 1439
1583 143
1584 1584
1584 828
1584 1277
1584 746
1585 1324
1586 612
1586 1538
1586 1580
1587 1953
1587 892
1587 2009
1587 1637
1588 1108
1588 826
1588 1296
1588 1188
1589 2014
1589 2029
1589 1415
1589 1035
1590 853
1590 274
1590 288
1590 1367
1590 141
1590 875
1591 2006
1593 1826
1593 53
1594 1018
1594 167
1594 166
1594 314
1594 549
1595 1442
1595 1749
1595 1550
1595 6
1595 1517
1596 13
1596 244
1596 1751
1597 199
1597 1726
1598 1460
1598 1150
1598 1361
1598 48
1599 359
1599 27
1599 1518
1599 308
1599 2018
1599 720
1600 541
1600 1011
1600 205
1601 222
1601 700
1601 652
1601 735
1602 1423
1602 45
1602 783
1602 4
1603 686
1603 969
1603 888
1603 563
1603 1833
1604 365
1604 1538
1604 1197
1604 21
1604 439
1604 1431
1604 967
1604 289
1605 566
1605 304
1605 1269
1605 1089
1605 1431
1606 1778
1606 1604
1607 1394
1607 371
1607 610
1607 701
1608 373
1608 1602
1608 1355
1608 1476
1608 1015
1608 743
1609 1913
1609 1297
1609 2045
1609 1488
1609 716
1610 440
1610 338
1610 1097
1611 1535
1612 317
1612 125
1612 262
1612 1364
1612 1257
1612 1228
1612 750
1612 775
1612 1468
1612 652
1612 1536
1612 1488
1613 894
1613 131
1613 1027
1613 1639
1613 387
1614 578
1614 1157
1615 563
1615 972
1615 135
1615 1310
1615 1703
1615 652
1615 1463
1616 1314
1616 944
1616 389
1616 1795
1617 1925
1617 1808
1617 649
1617 210
1618 514
1618 1552
1618 1252
1618 114
1618 779
1619 1641
1619 214
1619 202
1619 371
1620 1028
1620 1198
1620 946
1620 1278
1620 178
1620 1888
1620 470
1620 242
1621 1177
1621 890
1622 339
1622 1949
1622 1515
1622 886
1622 1895
1622 1588
1622 1381
1623 775
1623 1283
1623 456
1623 1506
1624 774
1624 968
1624 79
1624 1323
1624 1791
1624 315
1624 1533
1626 1170
1626 1230
1626 76
1626 1268
1626 58
1626 1821
1626 1959
1626 1197
1626 993
1627 365
1627 380
1627 314
1627 1456
1628 1986
1628 1542
1628 2019
1629 1863
1629 303
1629 477
1630 323
1630 2019
1630 1348
1630 486
1630 1274
1631 1103
1631 1567
1631 623
1632 1946
1632 193
1632 1706
1632 1877
1633 681
1633 2047
1634 1280
1634 441
1634 405
1634 1369
1634 661
1634 1173
1634 339
1635 1960
1635 57
1635 312
1635 608
1636 250
1636 987
1636 361
1637 1971
1637 1109
1637 883
1637 635
1637 1701
1637 59
1638 822
1638 1419
1638 1445
1639 338
1639 141
1639 1983
1639 1483
1639 1645
1639 530
1639 1228
1639 56
1640 890
1640 1633
1640 1003
1640 1881
1640 1043
1640 56
1641 448
1641 464
1641 94
1641 986
1641 1490
1642 728
1642 612
1643 231
1643 1601
1643 405
1643 898
1644 228
1644 728
1644 1959
1644 2034
1645 266
1645 522
1645 100
1645 1990
1645 1941
1646 657
1646 1803
1647 300
1647 943
1647 732
1648 107
1648 989
1648 38
1648 818
1648 2018
1649 1745
1649 900
1649 1948
1650 894
1651 1643
1651 1334
1651 1883
1651 1570
1651 1249
1652 745
1652 1225
1652 973
1653 135
1653 1583
1653 348
1653 1186
1653 1294
1653 1241
1653 385
1653 1772
1654 1772
1654 1504
1655 1814
1655 44
1655 657
1655 880
1656 20
1656 1024
1656 1928
1656 1554
1656 302
1656 1577
1657 1084
1657 96
1658 902
1658 527
1658 1661
1658 252
1658 528
1659 1522
1659 57
1659 569
1659 1498
1659 1954
1659 1809
1660 1353
1660 1860
1660 280
1660 2007
1660 674
1661 1644
1661 1578
1661 1858
1661 802
1662 647
1662 1
1662 612
1662 911
1662 520
1663 381
1663 894
1663 1010
1663 1124
1663 1113
1663 1517
1663 1721
1664 462
1664 1846
1664 1662
1664 1635
1664 1761
1665 51
1665 1066
1665 1626
1665 221
1665 1938
1666 100
1666 919
1666 1113
1666 940
1666 517
1667 1375
1667 1536
1667 789
1667 1115
1668 1630
1668 1570
1669 1016
1670 1824
1670 1890
1670 1731
1670 1997
1670 1995
1670 1126
1670 800
1670 2000
1671 1406
1671 1857
1671 170
1672 579
1672 527
1672 1141
1672 654
1672 1689
1673 1079
1673 551
1673 1952
1674 550
1675 1777
1675 1159
1675 756
1675 1343
1675 1824
1676 296
1677 1106
1677 699
1677 1200
1677 1801
1678 1616
1678 787
1678 407
1678 1784
1679 1899
1680 1172
1680 1781
1680 1124
1681 565
1681 169
1681 42
1682 234
1682 1878
1682 547
1683 1801
1683 1681
1683 356
1683 446
1683 1875
1684 1384
1684 1535
1684 1951
1684 1311
1684 1444
1684 48
1685 392
1686 276
1686 389
1686 950
1686 1211
1687 1453
1687 987
1687 148
1687 1192
1688 1310
1688 1833
1688 706
1688 737
1689 1701
1689 1661
1689 871
1690 980
1690 1348
1690 1264
1690 1608
1691 1459
1691 916
1691 909
1691 1078
1691 567
1692 2029
1692 173
1692 1164
1692 464
1693 2003
1693 1660
1693 1834
1693 1029
1693 1907
1693 411
1694 436
1694 94
1694 1300
1694 1321
1694 1700
1694 428
1695 260
1695 2046
1695 1143
1695 1347
1695 8
1696 579
1696 243
1696 1924
1696 1464
1696 1384
1696 733
1697 372
1697 638
1698 1950
1698 43
1698 1703
1698 1852
1699 565
1699 248
1699 1021
1699 1662
1699 1836
1699 1487
1699 1742
1699 1855
1700 1444
1700 131
1700 1275
1700 57
1701 560
1701 983
1702 972
1702 1274
1703 2025
1703 638
1703 1077
1704 166
1704 482
1704 1004
1704 974
1704 2020
1704 1977
1704 604
1705 433
1705 1087
1705 1117
1705 1460
1705 1432
1706 759
1706 531
1706 1324
1707 1260
1707 903
1707 306
1707 815
1707 1825
1707 1116
1707 536
1708 992
1708 2026
1708 743
1709 10
1709 1691
1710 1136
1710 138
1710 1430
1710 1940
1711 1402
1711 815
1711 1539
1712 472
1712 1309
1712 595
1713 587
1713 1797
1713 321
1714 743
1714 1892
1714 163
1714 134
1714 1307
1714 1070
1715 129
1715 596
1715 1208
1715 1672
1715 1932
1715 334
1716 1227
1716 1085
1716 1500
1717 1022
1717 505
1717 686
1718 1689
1718 901
1719 977
1719 213
1719 1256
1719 1861
1720 1843
1720 257
1720 1700
1720 1030
1720 1088
1721 315
1721 545
1722 1445
1722 1498
1722 30
1722 242
1722 46
1723 894
1723 826
1723 14
1724 1183
1724 1923
1724 1247
1724 1412
1725 1213
1725 862
1725 1426
1725 919
1725 1528
1725 806
1726 1122
1726 507
1726 1652
1726 1663
1726 1802
1727 1772
1727 1228
1727 1129
1727 621
1727 1542
1727 278
1727 182
1727 469
1728 1876
1728 1339
1728 408
1728 557
1728 550
1728 716
1729 975
1730 1796
1730 1872
1731 1432
1731 1779
1731 194
1731 890
1732 646
1732 1858
1732 1772
1732 1547
1733 1472
1733 1461
1733 132
1733 1488
1733 1188
1734 321
1734 1451
1734 1009
1734 1016
1734 432
1735 564
1735 1404
1735 405
1735 147
1736 513
1736 1774
1736 629
1736 320
1736 665
1737 1012
1737 826
1737 171
1737 1135
1737 539
1737 241
1738 1467
1738 330
1738 284
1739 1975
1739 1680
1739 5
1739 1240
1740 1751
1740 766
1740 1268
1741 711
1741 1068
1741 662
1741 1074
1741 1416
1741 1140
1741 478
1742 362
1742 431
1742 350
1742 1197
1742 1844
1743 1607
1744 907
1744 1898
1744 484
1744 353
1744 1712
1744 1104
1745 1401
1745 1919
1745 61
1745 1834
1746 281
1746 267
1746 398
1746 398
1746 1393
1747 1357
1747 72
1747 1409
1748 63
1748 658
1748 1839
1748 568
1749 534
1750 1905
1750 1308
1750 1457
1750 1352
1751 468
1751 540
1751 1740
1751 1946
1751 911
1752 21
1752 912
1752 1033
1753 889
1753 1258
1753 1992
1754 335
1754 274
1755 1633
1755 1656
1755 839
1755 817
1755 1431
1755 1261
1755 1739
1756 241
1756 453
1756 105
1756 374
1756 1301
1756 346
1757 937
1757 1971
1758 1445
1758 629
1759 1546
1759 666
1759 810
1759 1678
1759 1258
1759 1612
1759 953
1759 1532
1760 1073
1760 158
1760 666
1760 446
1760 445
1760 1390
1760 1374
1761 1190
1761 1998
1762 1106
1762 346
1763 622
1763 1361
1763 1717
1763 162
1763 1234
1764 206
1764 860
1764 1917
1764 1193
1764 820
1764 426
1764 173
1765 839
1765 137
1765 1891
1765 997
1765 615
1765 116
1765 191
1765 613
1766 715
1766 1309
1766 1081
1766 1704
1767 1129
1768 1111
1768 533
1768 562
1768 416
1769 934
1770 1042
1770 1368
1770 196
1770 116
1771 1838
1771 1177
1771 1123
1771 8
1771 692
1771 173
1771 1711
1773 492
1773 606
1773 402
1773 1577
1773 1586
1774 1285
1774 1099
1775 2003
1775 79
1775 70
1775 1879
1775 900
1775 176
1776 415
1776 1401
1776 757
1776 43
1777 943
1777 959
1777 1282
1777 1419
1777 1845
1778 1657
1779 1793
1779 1628
1779 806
1779 218
1779 261
1780 1463
1780 192
1780 224
1780 436
1781 95
1781 1180
1781 442
1781 431
1781 1880
1782 734
1782 40
1782 635
1782 1088
1782 1837
1782 1129
1783 652
1783 1259
1784 947
1784 668
1784 1980
1784 1230
1785 1432
1785 1300
1785 513
1785 116
1785 356
1785 129
1785 470
1786 1955
1786 758
1786 1647
1787 1186
1787 152
1787 1501
1788 482
1788 1358
1789 36
1789 418
1789 79
1789 702
1789 1432
1790 1825
1791 190
1791 461
1792 496
1792 1921
1792 338
1793 66
1793 448
1793 1244
1794 237
1794 1997
1794 415
1794 1973
1795 1957
1795 176
1795 961
1795 1435
1795 1722
1796 1606
1797 1992
1797 1422
1797 1999
1798 793
1798 1669
1799 757
1799 1508
1799 356
1800 1917
1801 738
1801 843
1801 893
1801 2025
1801 1776
1802 1548
1802 942
1802 811
1802 1600
1803 1515
1803 827
1803 566
1804 103
1804 337
1804 1164
1804 1452
1805 1629
1805 74
1805 2
1805 247
1806 1196
1806 876
1806 1213
1806 1992
1806 1251
1807 606
1808 242
1808 562
1808 1423
1808 813
1809 1190
1809 185
1809 1230
1809 1719
1809 1081
1810 142
1811 122
1811 1659
1812 921
1812 624
1812 234
1812 232
1812 229
1813 492
1813 142
1813 2034
1813 1590
1813 1453
1814 1000
1814 1240
1814 1900
1814 1671
1814 745
1815 1397
1816 1921
1816 653
1816 1155
1816 885
1816 1230
1816 19
1817 51
1817 1098
1817 909
1818 587
1818 1336
1818 1040
1818 1005
1819 1770
1819 1900
1819 660
1819 1310
1819 1906
1819 1460
1819 1009
1820 1602
1820 1275
1820 1600
1821 1955
1821 472
1821 1791
1821 1261
1821 1597
1821 1327
1821 128
1822 979
1822 1158
1822 271
1823 1538
1823 863
1823 1513
1824 1986
1824 308
1824 1125
1824 1769
1824 1198
1825 833
1825 296
1825 337
1825 1790
1825 1921
1825 1096
1825 643
1825 471
1825 751
1826 1198
1826 234
1826 964
1826 892
1826 1196
1827 328
1827 11
1828 855
1828 1359
1828 2011
1829 1961
1829 1850
1829 812
1829 921
1829 175
1829 440
1830 866
1830 2015
1830 1793
1830 1311
1830 642
1831 1837
1831 541
1831 1626
1831 320
1831 1829
1832 476
1832 1413
1832 694
1832 1133
1832 272
1832 1481
1832 1682
1833 1606
1833 367
1833 1367
1833 189
1833 860
1834 1009
1834 1155
1834 215
1834 630
1834 1260
1834 1191
1834 424
1835 213
1835 1665
1835 174
1836 107
1836 475
1836 865
1837 528
1837 1109
1838 465
1838 1903
1838 313
1838 416
1839 1066
1839 1346
1839 1749
1839 509
1839 1991
1839 791
1840 793
1840 1993
1840 774
1840 691
1840 1220
1840 275
1840 1423
1840 985
1840 171
1841 1627
1841 49
1841 1863
1841 233
1842 1398
1842 1418
1842 1905
1842 1196
1843 389
1843 1367
1844 960
1844 60
1844 1432
1844 622
1845 1964
1845 1658
1845 457
1845 1455
1846 1512
1846 383
1846 648
1846 530
1846 1433
1847 615
1847 610
1847 801
1847 1928
1847 1673
1847 467
1848 1640
1848 704
1848 1944
1848 804
1849 234
1849 863
1849 64
1849 848
1850 592
1850 799
1850 634
1851 196
1851 7
1851 675
1851 1835
1851 1469
1851 331
1851 1031
1852 1126
1852 1259
1852 278
1852 1477
1852 648
1853 1022
1853 1750
1853 403
1854 1328
1854 1466
1854 430
1854 1925
1855 154
1855 1737
1855 1960
1856 207
1856 988
1856 1200
1857 1545
1857 1880
1857 1345
1858 1502
1858 187
1858 1149
1858 713
1858 1389
1859 340
1860 1765
1860 1519
1860 2021
1860 1546
1861 1337
1861 1039
1861 1940
1862 1860
1862 1606
1862 506
1862 1751
1863 1898
1864 691
1864 652
1864 915
1864 382
1864 97
1865 1588
1865 1945
1865 441
1865 735
1865 1909
1865 103
1866 2022
1866 1209
1866 746
1866 1739
1866 635
1866 399
1867 639
1867 799
1867 1265
1867 1127
1869 1490
1869 579
1869 1964
1869 1619
1869 518
1869 1717
1869 1665
1870 1723
1870 760
1870 1134
1871 1682
1871 659
1871 356
1872 1405
1872 192
1873 588
1873 628
1874 1294
1874 1247
1874 2007
1874 1177
1875 727
1875 200
1875 1963
1875 576
1876 1502
1876 1115
1876 361
1876 1496
1876 2029
1876 1637
1877 991
1877 1535
1878 385
1878 634
1878 1365
1878 1768
1878 1145
1879 332
1879 1867
1879 844
1879 774
1880 1450
1880 420
1880 195
1880 1973
1880 131
1881 1102
1881 1367
1882 791
1882 1520
1882 484
1882 1354
1882 823
1882 2040
1882 650
1882 425
1883 147
1883 206
1883 804
1883 1834
1883 382
1883 367
1884 331
1884 1308
1884 660
1885 204
1885 124
1885 1631
1885 2008
1886 1738
1886 908
1887 364
1887 746
1887 994
1887 908
1887 1926
1887 1778
1888 1082
1888 913
1888 1432
1888 1284
1889 182
1889 1992
1889 426
1890 1655
1890 1040
1891 1050
1891 322
1891 1797
1891 1185
1892 1783
1892 779
1892 1844
1892 1312
1893 1535
1893 1583
1893 1061
1894 1630
1894 609
1894 938
1894 28
1894 135
1894 1835
1895 1485
1895 90
1895 769
1895 1398
1895 1859
1896 1010
1896 1518
1896 702
1897 1601
1897 815
1897 389
1898 270
1898 1598
1898 418
1899 504
1899 188
1899 1752
1900 580
1900 740
1901 1460
1901 1842
1901 837
1901 1064
1901 1141
1901 1752
1901 1491
1901 436
1902 351
1902 1659
1902 1224
1903 1086
1903 269
1903 1545
1903 511
1903 345
1904 168
1904 227
1905 130
1905 1326
1905 2017
1905 1324
1905 1016
1905 1857
1905 787
1905 2027
1905 1113
1906 1613
1906 53
1906 301
1907 1659
1908 848
1908 1654
1908 1392
1908 1609
1909 871
1909 1567
1909 1472
1909 1705
1909 1821
1910 1869
1910 1095
1911 789
1911 589
1911 2025
1911 958
1912 353
1912 987
1912 2029
1912 104
1912 1700
1912 982
1913 321
1913 950
1913 1854
1913 1081
1914 1840
1914 2005
1914 278
1914 1946
1914 118
1914 578
1914 289
1914 422
1915 1637
1915 325
1915 1955
1915 1474
1915 460
1915 1323
1916 1082
1916 776
1916 209
1916 173
1917 1312
1917 393
1917 750
1917 787
1917 1925
1918 849
1918 1352
1918 1968
1918 1744
1918 483
1918 308
1919 92
1919 552
1920 1708
1920 1923
1920 548
1921 615
1921 641
1921 1822
1922 1358
1922 1431
1922 40
1922 475
1922 207
1922 736
1922 528
1923 1788
1923 1670
1923 1491
1923 695
1924 991
1924 1308
1924 1913
1924 573
1924 1389
1925 591
1925 733
1925 1577
1926 1037
1926 1879
1926 569
1926 402
1927 1428
1927 270
1927 1047
1927 334
1928 2015
1928 374
1928 898
1928 958
1929 979
1929 893
1929 1861
1930 896
1930 1419
1930 217
1931 1554
1931 252
1931 1535
1931 835
1931 989
1931 215
1931 1836
1932 297
1932 93
1932 246
1932 860
1932 798
1932 349
1932 1672
1933 193
1933 1072
1933 866
1933 535
1934 1538
1934 1597
1934 667
1935 722
1935 962
1935 452
1936 256
1937 1178
1937 1628
1937 120
1938 522
1938 1501
1939 1900
1939 149
1939 1949
1940 111
1940 907
1941 1867
1941 610
1941 628
1941 1443
1942 948
1942 1133
1942 1388
1942 1877
1942 1065
1942 194
1942 982
1943 270
1943 1224
1943 1789
1944 1663
1945 1340
1945 1599
1945 992
1945 615
1946 14
1946 1819
1946 1746
1947 1853
1947 1127
1948 1925
1949 267
1949 984
1949 75
1949 594
1949 354
1949 1609
1949 1764
1949 609
1949 151
1950 1433
1950 1769
1950 1609
1950 106
1950 1326
1950 461
1950 736
1951 939
1951 1617
1951 1848
1951 1877
1951 295
1952 99
1952 1371
1953 58
1954 993
1954 1459
1954 772
1954 931
1954 71
1954 1202
1955 1377
1956 1472
1956 1331
1957 6
1957 2023
1957 827
1957 544
1957 405
1957 305
1957 2047
1957 1301
1957 1820
1958 453
1958 1188
1958 1092
1958 1528
1958 1737
1958 23
1958 14
1959 1106
1959 1097
1959 2001
1959 1872
1959 1805
1959 1071
1959 268
1960 975
1960 1330
1961 1279
1961 458
1961 1209
1961 1768
1961 465
1961 1252
1961 1676
1961 1911
1962 897
1962 635
1962 1125
1963 1216
1963 1552
1963 1058
1963 696
1965 1780
1965 528
1965 1709
1965 118
1965 1273
1966 1458
1966 899
1966 1182
1966 1625
1966 113
1966 1229
1966 787
1967 211
1967 183
1967 602
1967 784
1968 1916
1968 782
1969 1149
1969 1370
1969 339
1970 890
1970 1927
1970 1364
1970 1890
1971 1954
1971 303
1971 479
1971 542
1972 338
1972 357
1972 592
1972 113
1972 649
1973 839
1973 1801
1973 1021
1973 1045
1973 484
1973 1146
1974 259
1974 1921
1974 802
1974 1391
1975 1266
1976 2026
1976 1534
1976 1133
1976 1989
1976 174
1976 787
1976 2045
1977 104
1978 693
1978 568
1978 1503
1979 1811
1979 268
1979 1341
1979 72
1980 750
1980 962
1980 940
1980 1857
1980 1038
1980 1753
1981 214
1981 572
1983 1915
1983 1523
1983 217
1983 1156
1983 1707
1983 440
1983 1445
1984 1818
1984 1266
1984 1922
1984 1338
1984 618
1984 770
1984 1608
1984 1875
1984 251
1985 739
1985 1163
1986 213
1986 859
1987 1884
1987 1684
1987 593
1987 2014
1987 1278
1987 362
1988 513
1988 1142
1988 1301
1988 315
1988 972
1988 1515
1989 855
1989 245
1990 1430
1991 2013
1991 477
1991 1803
1992 1556
1992 555
1993 1049
1993 332
1993 1743
1993 1916
1993 901
1994 793
1994 1325
1994 1869
1995 1926
1995 1061
1995 653
1995 731
1996 1663
1996 448
1996 1474
1996 1122
1997 450
1997 342
1997 324
1997 431
1998 1993
1998 1404
1998 1680
2000 262
2000 1371
2001 1974
2001 119
2001 1848
2001 446
2001 1988
2001 417
2002 1814
2002 1840
2002 1847
2002 2005
2002 1937
2002 100
2003 278
2003 706
2003 176
2003 473
2003 1536
2003 202
2004 1643
2004 597
2004 787
2004 901
2004 775
2004 1219
2005 2036
2005 532
2005 676
2005 9
2005 142
2005 1159
2006 1241
2006 1259
2006 71
2007 1821
2007 1895
2007 224
2007 1235
2007 20
2007 1469
2007 563
2008 577
2008 491
2008 1977
2009 486
2009 229
2009 306
2009 1062
2010 510
2010 1100
2010 1496
2010 609
2010 761
2010 146
2011 1056
2011 544
2011 1973
2012 1225
2012 951
2012 793
2013 2010
2013 1656
2013 1939
2013 1183
2014 1579
2014 755
2014 1921
2014 1392
2014 98
2014 1827
2015 1596
2015 584
2015 994
2016 174
2016 1944
2017 1847
2018 247
2018 1315
2018 1497
2019 1178
2019 923
2019 1905
2020 152
2020 1348
2020 493
2020 1485
2021 152
2021 1276
2021 1446
2021 743
2021 81
2022 425
2022 80
2022 2013
2023 547
2023 1799
2023 243
2023 674
2024 43
2024 245
2024 732
2024 1318
2025 278
2025 286
2025 461
2025 779
2026 783
2026 270
2026 1805
2026 1146
2026 53
2027 1476
2027 253
2027 1479
2027 1982
2027 521
2027 1743
2027 1864
2028 477
2028 501
2028 99
2029 1099
2029 1711
2030 1329
2030 1320
2030 1149
2030 1801
2030 12
2030 1814
2030 637
2031 663
2031 1945
2031 1568
2031 2011
2031 316
2031 140
2031 50
2032 1653
2032 1174
2032 304
2033 105
2034 1907
2034 352
2035 438
2035 431
2035 2023
2036 1628
2036 1727
2036 706
2037 1040
2037 1166
2037 1799
2037 176
2037 1940
2038 1675
2038 916
2038 1683
2038 148
2038 2012
2038 615
2039 552
2039 1758
2039 1133
2039 1528
2039 909
2039 1409
2040 1058
2040 529
2040 1050
2040 1385
2040 1255
2040 380
2040 470
2040 1777
2041 7
2041 1633
2041 1959
2041 1361
2041 1998
2041 1276
2042 2010
2042 1596
2043 935
2043 1296
2043 95
2043 1330
2043 1096
2044 1908
2044 2017
2044 1636
2044 1703
2045 869
2045 1553
2045 1758
2045 1151
2046 1614
2046 1661
2046 253
2046 1152
2046 265
2046 978
