68 118 9
0 2
0 4
0 5
2 3
2 4
4 3
0 1
4 1
1 5
4 6
3 6
6 7
1 7
5 8
7 8
5 9
8 9
0 7
0 6
0 3
0 9
0 10
0 11
0 12
0 13
0 14
0 15
0 16
0 17
3 10
6 11
10 11
7 12
8 13
8 14
9 15
9 16
9 17
8 15
7 13
6 12
12 21
11 20
10 18
10 19
11 19
12 22
13 23
13 24
13 22
14 24
14 25
15 25
15 26
15 27
15 28
16 29
16 28
17 16
18 30
19 31
30 43
43 55
55 67
56 67
44 56
31 44
43 44
31 45
32 46
19 32
45 57
56 57
57 58
46 47
47 59
58 67
66 67
60 67
61 67
62 67
63 67
64 67
65 67
54 65
53 64
41 53
41 54
29 42
42 54
28 41
27 40
27 39
39 52
52 63
52 62
51 61
38 51
26 38
25 37
37 50
50 60
49 66
59 66
48 66
34 48
20 33
21 33
33 47
21 34
22 34
22 35
23 36
35 48
36 49
46 58
40 52
24 36